6 167 291 67 251 240 149
2 54 210
2 216 7
3 180 127 61
1 116
4 0 134 58 60
7 212 260 107 35 104 186 84
5 168 75 95 156 277
2 275 24
4 34 259 218 44
3 41 294 290
3 87 193 178
3 85 148 18
5 184 214 68 140 266
2 296 13
5 249 299 92 105 230
3 88 161 171
4 108 287 242 30
3 164 219 192
5 99 125 141 143 77
1 110
3 80 136 9
3 103 138 255
2 8 129
2 72 223
1 4
3 162 263 21
1 159
1 246
1 286
2 203 81
2 276 19
2 133 273
1 220
5 62 227 261 152 1
1 137
7 285 32 64 117 98 115 257
1 150
7 15 113 239 170 215 229 183
3 225 82 118
5 144 224 244 158 237
3 74 264 194
5 187 14 119 51 176
3 56 198 91
5 38 121 191 112 182
4 213 181 142 97
4 63 157 250 37
1 57
2 267 39
3 200 281 146
1 245
7 79 174 122 27 145 206 52
3 226 50 177
1 232
2 166 109
2 188 202
4 96 292 43 272
2 53 172
1 282
3 102 207 228
1 29
1 28
3 284 209 124
2 128 17
4 40 26 208 274
5 241 163 90 5 31
4 204 280 94 165
3 217 3 78
2 185 297
2 271 47
1 222
2 254 211
4 295 46 153 130
5 11 6 256 278 2
4 111 106 126 151
2 258 154
1 243
6 89 101 196 252 69 132
1 268
4 236 248 155 262
1 86
6 253 45 289 288 189 175
1 298
6 197 70 199 55 100 279
2 160 283
3 23 235 20
3 73 93 247
1 22
3 195 201 12
3 114 16 270
2 48 49
5 269 66 231 135 169
1 42
1 147
5 190 205 59 233 173
2 76 139
4 10 265 120 293
1 131
3 25 71 123
2 83 238
