20 3156 1177 378 6279 3710 6181 1340 2414 8976 2413 7339 1743 2066 2400 349 1152 6176 4909 910 8013
20 303 2748 9633 1863 300 4347 9968 6563 9629 1168 2837 186 9634 3707 8655 7880 960 5591 2030 7112
22 4839 482 98 3370 6814 9710 6850 2390 6963 9225 7397 1501 4371 551 9841 5349 5056 2120 7131 5607 611 5149
19 4094 8586 7373 1557 3636 876 4224 2244 6442 126 3446 8466 1571 3034 8358 3700 593 3059 54
20 5497 1852 481 5668 3366 7555 5201 4825 5031 9706 5132 72 4453 7774 2877 5893 6057 7722 6448 1951
9 1335 8227 7910 9908 3995 7991 9669 5011 630
21 3580 5402 6123 3475 607 2072 3044 1872 9651 1932 2732 1531 9073 4550 6962 9280 6696 1129 5280 4978 5874
12 1138 7716 3421 7306 335 7777 8894 9373 7822 6661 6453 2238
19 4059 4196 1843 8831 5437 5380 2159 6882 9419 8720 634 2403 1719 2517 6899 4731 4728 9119 4922
20 1992 9985 9757 8194 1864 9319 1681 8659 3231 1767 7749 8465 2404 4616 2001 8460 898 8526 170 9931
23 4377 6455 7465 3921 6538 5409 8956 6927 5187 5340 7551 3299 4608 1657 8853 7582 8355 9660 2612 7221 9517 5333 2563
15 2949 1724 368 3495 7543 43 4890 9598 4505 2186 6140 1648 6847 1454 669
19 606 6450 9654 6399 5356 8094 8610 4323 2713 1516 7333 2438 5186 5353 8741 3529 8396 8538 1254
18 7429 6200 6076 3133 1455 7341 6602 8438 6262 9704 3365 99 5252 294 5625 9827 452 3286
16 8292 5971 4467 4843 1741 1502 6471 7746 2146 2562 4114 4176 6049 5912 2310 165
22 4435 2296 3459 209 830 7211 1745 3146 3799 3493 6910 4163 2419 6353 7178 9995 6787 3801 7332 6317 5474 2138
12 9084 1192 6704 4639 7838 8678 4434 466 2372 5274 1288 3110
21 8518 9320 3833 422 1443 2548 886 716 4805 6205 6312 3738 9337 882 5450 5796 8015 1262 6266 936 2358
20 5018 5218 9602 1186 9761 7445 4939 239 1509 27 4746 6284 9964 1782 5800 1544 8110 1822 2922 4399
22 6807 1323 9412 9144 8059 3190 9209 1257 15 244 5689 2552 8695 3339 7883 5102 1975 2685 6396 7074 5935 2409
19 9913 4225 2180 6805 4206 8193 4264 4121 1629 8081 286 5145 4743 7644 3766 4458 7888 8411 2868
20 5299 4781 8548 5285 8940 8737 4819 3463 8148 2031 5074 8937 8721 9900 7652 9218 834 3390 3687 7723
22 1209 1773 6053 9254 9751 1738 5465 9022 9874 8917 2874 7276 9050 931 7470 7538 5550 3641 9145 2819 2508 7111
20 6783 6360 7686 8176 6512 6596 5451 1907 3135 4529 1885 7155 4382 3832 4229 6546 5560 1379 9786 794
17 5192 1803 6893 8547 7633 4276 6737 1457 8408 6100 5283 2050 4998 4570 4210 2704 8002
18 2920 2690 32 9737 8801 9800 6808 8446 2854 9268 1243 569 7279 4754 2872 205 3255 220
20 84 9944 2934 7246 2110 8502 352 1768 1999 9866 4397 9907 6886 650 9807 2985 9745 7670 391 3238
21 4379 5948 6752 9078 5757 7884 7171 9478 3174 9837 3645 1996 6763 6483 5081 9064 4462 8142 4862 8202 1622
19 677 5006 4863 6652 39 8225 8960 8539 3210 3750 5921 1039 5019 1678 5345 7896 451 8137 1809
16 7399 3546 1778 527 4930 4878 6389 4902 2428 7139 6231 673 7748 3609 343 1636
21 2432 3148 428 5620 1685 5087 1348 6425 1496 4970 6678 4478 7271 9858 9302 7269 7297 8724 2249 480 4319
21 5445 8459 4815 9002 6580 2260 4594 4667 3699 4584 5041 9853 9571 4073 3706 4669 4567 8386 4578 1139 2276
22 1305 7329 8784 1386 4953 1453 523 6771 2614 9882 1008 1561 8928 4933 2466 8537 7022 8270 8442 6611 4971 6991
24 8329 1414 627 3989 6409 1910 6630 2829 9228 9292 7365 6655 5614 9872 4342 6178 8709 3896 2643 1312 9239 7977 49 2554
21 769 4200 1955 780 6244 4031 9859 6708 867 8779 2901 4964 6077 2446 5585 9605 9551 6028 1487 136 900
21 6901 3527 6159 212 9738 9262 4130 2972 365 9152 6298 4851 7461 6142 7262 2616 6598 5515 522 325 3484
20 7070 9166 1564 2787 7901 4119 5998 4291 3262 5656 9490 3361 591 1253 5298 4516 9343 1927 4553 148
21 3253 3540 5890 6058 3054 2240 1568 9722 545 5675 9188 178 2991 2047 727 4963 6577 6481 7054 9131 2427
19 700 7846 9109 4913 6746 8534 4429 967 3211 6712 7018 5863 4627 8757 8858 3658 3853 9635 4324
17 3607 7028 7779 9272 9075 928 1181 154 3372 9285 4294 9692 8919 7604 8218 7824 4531
20 9393 8440 6903 8671 6902 7278 2089 5690 5317 4335 546 1853 8689 6510 9994 3465 5121 471 888 8850
19 1178 7572 3793 3685 7701 4093 7274 6719 2341 5733 9825 5396 6525 5131 6496 420 2608 1624 2169
21 1315 2536 1588 4228 92 2320 7493 4266 8843 7205 4043 1539 9665 8065 7592 9040 281 4564 3039 7358 8196
14 1543 3381 4764 7735 2587 4055 5641 2317 721 8790 149 5122 1043 2253
21 7475 8629 493 8795 9158 9054 7823 3717 9229 521 1857 5200 9113 5196 3831 7905 5204 4427 3344 2103 4203
21 1066 2963 1995 483 3462 8285 8272 6120 7650 5525 7167 2104 4096 7745 5329 5258 9221 8482 7591 7257 231
20 4309 1784 6493 7314 3566 6784 8373 1345 9948 4804 7879 5016 3962 9426 5246 8354 743 6827 1851 1174
19 2356 1384 1984 5120 1729 2751 3842 8916 8963 703 3582 5420 5328 1337 8634 1903 796 8454 443
19 88 47 3468 1110 3524 3877 9335 8763 10 8220 9480 3916 777 5209 619 3094 2267 9756 4778
21 8175 661 6836 5888 8955 9546 5847 8799 3338 7081 8650 2023 929 2434 4131 7885 7336 1607 7034 7744 797
21 2571 1651 3821 7787 5433 4965 2776 2281 4366 2831 290 1941 2484 7532 3982 614 7386 2656 9431 1001 4393
22 2917 7064 1251 9890 3420 9981 3623 5907 3691 4489 4044 821 7277 5166 1979 7866 7852 2262 9162 1238 6294 1730
18 4679 2651 990 6865 947 5600 4942 7231 878 4748 4386 8911 4707 2943 4316 1380 108 8939
21 9305 5487 7379 629 2397 4566 2513 1532 6290 2505 2213 686 7466 9583 4638 5905 2978 752 8515 3356 2175
20 1867 3005 5721 3445 156 4981 5976 5559 5519 3796 9244 6957 9029 3348 3150 5752 8455 2059 1156 2659
19 7928 2791 965 7934 4593 6248 7663 8760 4345 2590 8049 6270 3201 5217 9414 7400 8180 298 8185
23 3869 7088 3951 7638 4666 1349 4327 5009 1963 320 6977 6292 5724 7890 2350 6906 4030 9318 5789 4620 3518 6500 3431
22 5693 1024 1142 1550 4003 3746 1667 7267 5308 275 9425 2688 7935 8922 6929 5100 988 958 5845 8043 5270 465
23 9976 7318 5541 8989 8367 4300 1523 9632 4426 2916 596 6743 2142 8289 227 9261 4715 7736 6050 7642 3254 4723 2848
19 9514 7471 3024 2605 4205 1101 2989 5238 2777 862 5511 7817 941 8014 6391 2692 6522 6445 1378
20 2519 8557 7637 8816 1845 5405 2893 1834 1357 7619 7622 7254 2761 7945 3352 7480 3171 3405 3407 4678
17 2135 3311 1002 8901 4105 370 4217 7479 7294 1535 6427 7258 3942 7776 2219 1576 998
18 3549 1874 2184 2151 9224 6475 5534 7542 2295 577 5249 1468 6468 1014 9115 8352 8941 2786
21 1515 3049 5990 3910 9696 2338 6639 254 4167 4394 742 6758 8250 453 7939 6454 5229 3357 4967 1290 6465
23 1273 6662 9974 3188 3991 7628 2304 5809 8826 2635 1051 5674 7605 7761 9453 4722 8456 7544 1279 8658 9558 587 8012
19 3055 8189 271 5017 9477 4063 9031 582 6513 4358 5133 8692 3909 3554 5185 4126 5203 7869 124
23 9003 2079 7792 248 6634 3778 8229 6713 6398 1937 1891 3501 9835 5793 848 9222 3878 4598 5170 6086 4926 144 3035
22 7657 2313 9473 8715 8157 7172 6969 9836 4832 4136 4491 4871 1237 2102 3353 7265 3481 3854 1616 4267 5363 2130
21 6412 4536 6786 1267 8085 6222 9370 216 9963 9652 824 3467 5004 3392 8117 1183 259 6335 3837 1881 8789
20 7965 8892 4657 7019 1364 7830 4776 5870 5729 7531 2268 9161 5681 5640 8829 4162 366 3804 792 4795
22 6822 3773 4807 8575 1369 7043 3469 5700 4405 7508 3532 6254 8287 87 3013 9204 540 9014 7530 3787 5485 4018
22 2735 2357 6206 9705 3789 1676 5289 4685 1628 8361 6272 4892 903 9662 6276 6130 8696 4859 4457 3684 3359 1758
18 4742 4717 1048 3101 841 9327 4675 4409 5271 7944 8457 9174 9596 3415 2113 4783 925 8925
21 5440 817 3849 1221 4376 9199 799 8590 8160 4038 6905 2052 6383 4190 1943 2425 2005 5946 4295 2493 5456
7 2465 7948 8598 6147 9580 7577 1258
22 1757 4223 9316 6012 5601 9684 8827 2402 3123 6462 9724 4822 695 5670 8140 9893 5869 4288 5458 653 1306 5726
10 4071 6199 5983 5526 2733 595 5109 2347 1659 3698
16 7499 6658 8203 5507 7444 2856 9844 359 8533 2087 5015 9486 9818 2905 790 3153
13 8890 9510 800 8403 2636 6683 4974 602 9590 6568 5735 1701 770
22 672 8713 5089 2904 8766 8768 7135 5967 5579 8237 6283 4874 11 6682 9951 1904 1669 1445 2127 2258 26 4185
22 423 3601 3073 507 9561 6067 3970 5584 1436 1314 8909 907 2817 5261 1924 5795 8050 3226 4460 6789 2594 1150
22 2720 3990 530 95 313 1587 8970 9106 9804 4663 3747 5827 4655 1444 261 4413 8974 8920 4680 5778 1120 2770
20 768 7320 3461 5516 8187 9276 199 6062 9072 2254 6736 4597 2012 890 8491 6166 2962 3642 424 869
20 474 5808 7319 9549 4940 9809 138 5794 8283 1233 6469 4234 1769 6097 9957 4745 6878 3872 7138 4719
23 6831 8835 8856 9657 9475 709 3621 5045 5702 2179 2498 8410 6648 3401 5483 1130 6440 6195 7419 6779 5930 8299 603
19 2883 7711 9137 3291 3851 6414 6203 1203 2611 6798 785 3744 844 9446 5834 8527 431 2170 8267
13 5235 1605 3160 7804 9366 6861 4609 3800 4668 2895 1654 6230 1452
17 6466 2738 7346 196 9300 5844 5622 518 1342 4472 426 6108 2083 4670 401 4631 2114
22 6706 5393 7406 1111 348 7837 5351 1355 6857 2857 5981 1876 4710 9725 4576 2739 2598 7484 8168 7976 2318 2211
18 1097 7446 6101 6491 3466 338 7321 267 808 1770 8125 9353 6812 822 5418 5630 5339 495
21 4601 3424 2657 4285 1835 5193 2141 7236 5913 4801 1839 2766 2932 2574 6668 6950 436 9214 7089 729 3886
17 311 8236 2673 3986 1031 2128 2362 7982 1917 7743 7694 791 3242 5677 1462 2421 3032
22 8310 8104 2566 3840 7448 7316 8988 639 8750 1307 3406 6727 3948 2137 77 7571 7305 5741 4180 36 9782 1577
18 563 7092 9817 5262 8159 8873 7504 2111 6709 1029 8109 981 460 8151 2469 2073 966 2813
22 5335 4537 9559 8653 9138 4767 3753 8545 5023 2279 8233 2085 9863 7063 8577 2672 3581 3304 68 3126 590 8375
23 568 513 718 146 4792 4246 7794 8007 8616 3843 3550 2875 2051 4827 8513 503 1971 6651 7216 2218 5867 5157 749
19 9707 9495 6430 8555 935 5473 9734 9930 487 5694 8241 2906 9607 4721 1397 9438 1641 270 3617
21 3817 2123 6765 7710 2105 6237 8444 6799 6567 3332 4360 7062 9524 3955 2101 6796 5787 3716 1483 811 3589
22 4948 9851 150 164 6584 4872 5879 9790 1791 4770 5169 358 467 4322 145 6841 2624 3670 6210 1404 234 3097
19 5324 9452 5282 3047 3783 3482 1282 272 8431 6116 8646 5038 7966 5739 7328 7413 1274 1092 1540
22 9325 9813 6255 1723 7102 6098 9881 8296 6730 5375 7298 5611 6370 2420 6180 7492 351 9767 3400 8451 1938 1658
21 7956 6877 6307 1326 100 9265 7691 1470 5158 1750 2407 3085 2183 2744 4454 1617 4498 534 6187 1318 750
22 8708 6189 6110 5189 6922 7882 8585 9362 4884 2501 2644 2360 2041 3846 9678 5965 6386 6979 5033 7315 4484 1107
20 6403 8219 4966 8259 9192 9026 682 357 4259 8498 3639 3895 1566 287 1291 1329 5117 4215 3522 1691
22 3442 7186 5237 9627 2261 7208 2482 9923 2453 987 3772 5593 1686 7507 9904 4313 9516 1728 5956 6014 4911 2321
17 719 225 6946 7900 2729 2996 4289 8177 1477 5529 8474 429 6435 3175 4945 1128 1244
15 187 5727 1208 3053 8314 1169 3164 5303 1934 9535 4408 7385 9717 4510 307
18 6252 7692 8506 9015 3271 7958 7091 4039 8733 4809 4514 8017 3561 5972 3162 2821 6229 1829
20 4494 3354 4410 415 7048 1774 4834 7503 2417 2068 3725 4740 8794 4179 829 1296 1786 9369 265 4023
21 3090 1512 2293 3557 6026 7811 9623 9321 5548 4587 5301 2557 1485 7695 2798 2054 7639 4151 3652 1966 3274
15 8773 8485 425 3130 870 3841 5228 7099 496 4290 4444 5115 416 675 176
19 4090 6756 6645 9846 4532 8510 7807 516 3919 3968 1463 228 5259 6436 9057 9007 4982 7828 1038
14 2384 6703 4064 3342 8003 8668 6286 4312 1166 3769 9773 3576 6487 8980
24 6381 1170 315 3786 1997 753 560 8644 4699 1294 5583 9103 6800 782 8312 3659 6047 2340 6183 6986 6990 6867 5354 4841
17 5717 7108 7569 2737 7502 2431 9969 7790 1417 7715 3075 7012 1073 3280 1205 3026 1958
20 9140 3403 5212 3453 2661 9284 9038 4698 1921 1612 1499 4619 4975 7158 2331 2719 1824 944 7044 5179
22 549 7293 6155 956 2352 7816 1193 5626 5792 8550 9941 7498 4800 6346 7354 2391 7514 9493 5233 8372 304 2185
24 9409 6656 5358 2230 3411 3885 9065 8694 5933 9421 2479 3416 5929 8030 9416 4187 8871 7819 5378 4692 858 6844 8552 748
22 9619 3276 7104 245 2783 5678 7191 6677 9778 252 3114 6556 6215 8164 5945 1606 8680 5595 9560 7831 3863 2221
16 7861 8711 1263 1639 9150 5520 6149 7730 1505 7961 5947 28 5736 3206 4751 479
20 3629 6068 1010 9769 2663 6172 6566 9376 7392 256 969 6094 9440 8771 5594 4633 2855 3898 9940 1887
21 5970 8783 699 2742 1240 6305 2706 6562 6939 173 5582 6167 125 6866 6688 3653 4237 2259 5918 1136 6273
21 5868 5027 8158 3334 6402 2187 4274 4654 1199 561 2861 5106 3308 3293 123 6528 7469 1398 7052 7 9472
22 2695 5875 8786 9947 1102 3122 7366 1598 5366 3939 5522 692 1790 37 9695 4201 1759 6175 4067 3488 9117 8874
22 4525 5615 9556 1994 1873 8854 6247 1589 2 6601 9330 2264 2740 3818 356 9342 4508 528 5645 4236 7100 2312
14 3167 1637 9191 364 1711 6980 8742 5761 5236 4674 2631 1720 5720 336
15 5934 3608 7384 9130 2988 4407 1850 647 6949 4579 1665 7818 3113 2785 6828
18 2015 1313 2799 5695 2107 6642 7757 6734 9962 7848 2859 6429 2266 45 9 7029 7310 532
23 9313 7455 6747 1697 3375 2480 4866 498 3009 2504 214 1338 7856 4845 7107 8068 3260 6684 5316 2683 759 299 1300
23 5300 1883 842 5540 2181 6280 9297 8505 8918 6366 4979 3748 2580 3963 1265 3506 8347 5468 4660 2725 2847 573 5854
20 1560 7849 874 4826 4450 9226 382 5243 5701 8181 5314 6554 3806 9911 5617 7821 9332 3671 296 4348
22 9563 3294 2006 4848 8747 2781 9505 9838 6605 3731 1493 2398 6359 6778 7827 2514 5128 7721 3002 9032 2188 1823
16 6689 2297 501 1429 1551 4395 4440 7550 4486 5374 9713 8380 9622 1488 5202 4803
22 4078 1227 3758 1054 4028 5799 1109 8298 1800 8009 5411 6162 6376 6083 9730 414 3960 7345 1798 9210 710 2617
20 6541 5359 8328 5955 9497 2292 9070 2754 6332 5904 6829 909 7462 9603 308 5126 6592 9384 9351 1076
15 6031 5856 5241 9641 2717 1163 5911 2239 6928 7919 9105 9793 7244 504 207
20 713 567 9996 8448 8042 8615 8667 2470 970 1224 9400 5427 9235 413 7583 3303 5455 3535 8862 2152
19 8878 3200 8368 645 4888 4496 5730 9983 2351 505 1596 9742 1401 9470 4183 9437 2064 7702 143
18 9752 3147 64 9195 396 4279 6326 8293 8018 1714 6733 8037 6892 6447 927 5494 1056 2450
19 7561 7810 945 6208 823 3669 4104 3476 5537 1672 2093 2560 3803 7033 1334 8058 5058 1894 5461
22 8640 4635 3632 2464 646 7922 3974 280 7394 8796 9816 1810 3682 5297 8318 4999 4738 5389 5928 8966 6981 2224
21 7463 3510 8681 6216 6013 3157 7065 663 2062 8121 1053 7871 1188 7798 17 3074 1895 3023 6723 1191 8301
13 7013 2291 5092 2960 2584 9368 895 5206 2970 787 5623 2010 1848
20 6815 9820 2539 9314 1968 147 3451 3340 2702 5959 7212 237 6838 9122 6157 40 3031 5685 6933 899
21 6670 3575 3029 1908 2982 1422 3845 4718 9939 4388 5372 3813 4915 8977 8427 5772 1517 4518 9056 4103 2243
19 8731 7512 6741 2973 3119 6956 2867 8188 9355 249 7608 6776 5088 7486 8867 3343 5431 6016 737
19 7109 975 951 1256 4227 2121 1592 2231 4712 1145 9572 7137 7523 4283 9877 110 652 7051 3346
21 9847 7612 4648 3830 9071 159 8263 4209 7762 8991 7414 586 8807 6578 7447 5938 2013 637 538 6388 1552
12 8670 1266 7656 4889 6369 8476 3661 8041 7981 598 9977 2322
20 5769 789 7975 3585 5539 4709 3859 7004 2153 1050 3360 6337 253 9108 3598 8834 6781 8165 430 526
20 8477 2523 3972 6078 1412 3879 2395 7682 3072 3221 4651 7047 5448 6347 4222 6876 5839 778 7898 1948
21 6002 2026 5887 6119 5713 2415 8150 2129 7587 5292 2109 8673 2065 9275 5039 8743 3944 3019 2182 1210 410
20 4008 1218 2577 7203 6503 8023 4248 7668 6102 8542 5952 6572 6726 167 6092 9797 7803 9674 2795 1207
22 6263 7993 9691 41 5777 9620 5287 8062 7614 6982 1466 5708 5882 2380 2674 5722 5385 6998 8452 5142 2196 5592
12 8950 3358 1325 3428 3678 9230 7396 5469 1506 6145 1249 1558
20 1105 4794 8412 9992 724 9136 2684 7360 8428 4526 4912 7908 3183 9051 111 5215 5942 6271 2361 3984
20 4758 7156 1489 4761 6023 2675 7894 6821 3159 4852 8039 337 2570 2014 9949 2067 6209 5322 8517 632
23 3307 8376 2957 9926 2132 9731 1518 7647 1783 8450 8833 1761 7006 5278 6671 1482 9468 6837 8676 3520 4451 7261 4271
19 2247 3236 1804 4869 8529 6659 3765 9139 938 3121 3429 3191 373 9812 9041 3563 5687 6616 3517
21 6277 5213 1734 502 4558 2207 7576 7609 8025 9442 4359 5605 4893 1556 7488 8205 4272 8522 2449 5718 2746
18 3696 615 1912 8134 1198 3556 4369 3894 2285 3553 8475 8635 1754 184 3376 911 8132 1732
20 8703 2538 7768 4020 7916 5764 4711 9159 8492 4734 508 5528 3814 1600 2723 5462 9193 8084 8837 3275
23 375 6529 2198 9042 1232 7870 1710 7312 5567 6716 4802 305 1690 9310 4076 2789 7785 3186 8592 274 4916 2886 3458
21 6198 3640 1674 5554 9702 2802 8981 8864 7791 9407 9709 7259 7578 9892 8026 4780 6432 8647 4 8083 1510
23 5860 9685 4910 2056 7364 1620 2174 6930 4957 7407 6387 8645 2956 2903 127 509 5327 4513 625 8714 7238 8089 1731
21 9888 6168 5920 169 9165 9681 7080 6888 232 1012 1747 4497 5804 2808 3499 4083 9683 333 4284 4813 8893
18 519 666 7548 9328 3443 4232 4173 3829 6299 4565 2381 3241 2842 1155 679 4606 6490 845
20 6663 457 3616 2600 2919 175 4636 8261 5704 991 2209 2810 9647 6790 5357 5429 9656 327 79 8802
12 1135 6806 1409 6385 2950 7443 7664 5940 8756 4702 6573 1115
17 7913 119 7840 2556 1981 8273 6066 9089 3391 6880 5337 9017 1739 9427 5773 51 1083
21 7957 4475 8848 6536 4914 5082 7103 8620 728 2323 8926 6552 6089 9506 2607 340 3385 4149 269 7725 707
21 3444 658 166 9543 5816 2981 4642 8268 8624 7570 4739 4452 8987 2803 8496 9534 1899 8478 7800 3724 6676
14 3654 2314 1449 9378 1989 5610 2472 6352 6791 8286 7845 6664 1127 638
20 2061 7687 5954 8791 4713 8631 6571 3251 202 4985 1578 8841 6660 6810 1957 5581 2080 7382 316 7105
20 4855 3138 8588 7494 3530 779 5394 8247 8105 319 4106 3768 1675 2189 5521 3677 8305 4079 953 3386
21 6115 6485 4885 3396 6141 7041 5014 9574 7282 7220 1042 4613 1434 4596 8536 2811 5413 4752 1085 623 2853
20 8758 6296 6575 5426 4628 4297 3124 1132 8284 484 6134 8051 1753 4946 2091 5609 3497 731 758 4951
20 273 5710 3541 5663 2551 4195 550 9213 9298 7741 2160 500 4299 6472 2980 5922 2727 1435 13 635
19 7040 5112 206 2112 1311 2648 93 4906 6620 4870 2086 7875 5943 640 7026 1638 5832 9129 1599
22 6916 4546 608 419 7174 6871 3839 7415 2979 9082 8583 7021 7923 3761 3282 5932 2034 3015 8090 6715 8877 8674
22 55 8587 8055 4624 9164 4544 4605 7150 3606 7164 6415 6824 9447 3590 1649 5153 9984 5239 8082 9895 1788 5398
22 1776 19 7230 4661 439 2686 6132 1330 6548 385 8691 397 9208 7067 6937 891 2703 7170 9589 8461 8523 3172
24 1833 3257 6547 9640 403 8257 3754 8560 3083 7860 694 7865 838 2058 1122 115 9157 5927 4199 7136 3115 6595 2307 8131
17 5086 1973 6987 3228 6643 9821 3136 972 5993 6082 5986 2149 3106 7427 1643 2604 5266
22 541 8029 4437 8902 3542 6474 1644 1930 7266 3139 1756 9102 8252 3874 9758 7124 1214 7839 7959 9552 1898 4474
20 4637 4720 1634 5866 2270 7857 7148 4686 3483 9867 9408 4582 1960 42 9798 1812 1661 8392 3464 2029
22 8962 3826 7677 4207 9171 6698 6907 2375 405 4250 5083 3404 5992 7256 7439 2028 2195 5897 1161 8690 4269 8865
20 5885 3918 8254 3807 7162 691 6909 2444 6816 8688 1365 4920 1671 8353 7786 4061 6281 5490 2595 5894
20 9679 7287 2899 5295 8445 4756 8407 4499 4029 5453 7737 4343 1679 7003 2699 1219 5492 1074 5900 939
20 7929 2436 8574 6220 1046 3675 6864 6873 9929 4278 1458 875 2057 6891 5703 4333 5644 556 2363 7509
25 3855 8458 9401 697 69 7380 7118 949 3862 4045 6345 7197 7707 512 8135 8136 9242 6628 5216 1103 7317 7165 8405 5819 8499
19 3578 2245 5957 5021 4921 9889 5878 5999 7549 1017 94 1125 8223 8846 7144 2864 8710 1202 3378
17 9449 2784 881 9238 4645 3052 2122 9701 2884 9081 7740 3695 5671 6553 5936 6354 1653
18 24 6192 3105 1755 4034 2115 4270 5123 7662 5619 3913 9125 2743 6343 5178 8 2929 3417
22 3371 2589 5510 5996 9385 6024 4328 7920 5464 3992 120 4816 1461 4533 1632 3142 8608 8385 1901 2158 182 8163
15 117 4428 7347 4515 2547 3547 1875 5107 3852 5805 2394 9266 1172 2638 690
19 4618 7372 7602 7193 2954 7654 9270 6811 279 1165 6235 1946 9091 9587 5506 3180 1195 1437 9196
19 372 8425 8073 6710 982 7595 4249 6920 9112 996 4560 2256 5105 4025 547 1026 289 5119 8677
21 4307 1838 7704 8979 9255 856 772 4924 2319 6874 4356 930 1498 7674 8924 6697 8810 9646 4097 3690 9970
21 7401 2422 3866 7690 8379 1595 161 6163 8798 2924 9175 3213 6636 6604 3018 1548 5096 5436 2730 5150 2090
20 6695 5636 210 3477 5861 6989 5305 6213 774 4221 5558 1650 3511 3078 153 386 6589 9942 1760 626
20 9523 6745 2696 4696 8617 7490 2938 4314 7627 3328 1179 7060 9491 2290 7378 8320 5673 3010 3558 9637
20 2869 8566 4507 4659 2537 4050 9611 5486 6674 9132 6802 5852 2646 1631 745 597 8602 3681 1141 2251
23 4150 3170 3092 9557 9429 2377 193 6597 6122 5565 3776 851 1541 2800 6835 7449 1112 3419 3441 5302 6612 1173 3402
15 1005 8965 3077 3 7750 283 5680 8108 4166 3568 2518 642 4010 1928 5571
19 961 9012 435 7994 9156 7381 2021 2468 7322 4033 116 5315 7500 2707 6860 5022 1764 6154 9334
19 920 7082 6003 6526 1189 5001 8421 9436 6033 1591 2687 6091 7128 1673 2647 9423 7079 5606 3087
23 1978 1113 277 9104 4245 704 7066 8952 5442 4658 3893 3154 6380 3331 9001 7895 999 2763 1133 1859 8322 4350 1052
20 4894 8323 3603 8155 1160 7843 3925 8530 643 7738 514 2040 3473 2532 6106 9643 3981 3093 3408 321
16 9550 896 3802 5709 2722 7867 9441 5220 2676 7495 3577 8172 1187 1354 5505 906
18 222 9487 3414 9576 8028 6625 1057 5309 6608 4477 7505 5085 9518 8483 4517 5148 1091 6533
19 4058 394 4352 3770 3425 4125 1402 9832 863 2680 215 9386 3079 2369 5667 2894 932 8541 392
23 9675 8262 6924 9469 8146 6173 4331 715 9433 7143 104 7726 7177 8643 6103 5966 2043 7027 3243 8735 163 3369 2117
19 9799 9595 2626 211 462 4787 5054 3811 2745 6054 7868 1742 6408 6095 2367 4610 855 5118 60
22 1664 3865 6069 9382 1613 7515 4784 1733 9474 5391 1033 5574 330 8052 6406 9772 5767 3214 6233 3302 980 2824
23 297 4693 200 7255 6729 1721 1692 7724 4046 3261 2762 4326 7573 6459 6040 1373 3876 4357 4976 4993 1158 1837 8594
20 583 8932 5748 2036 5751 2543 2910 5523 9462 2311 177 9053 1236 919 3165 1268 2823 3719 393 3781
20 8840 2603 7117 3068 9680 4141 9952 9100 6422 5779 5632 889 989 2483 2440 6224 9147 6760 2255 1089
18 4143 3317 9289 5576 599 8551 6413 7626 9299 5765 7016 3592 8145 1096 4019 7718 20 2200
21 4346 4084 9625 617 4555 8686 6751 6165 1709 7949 3847 6938 8388 5165 4681 5290 3452 2629 7268 901 3871
20 2316 9631 9345 1346 1309 8820 3565 3999 2921 5116 2850 62 7893 276 3003 7412 2734 3434 9937 7979
23 2559 5572 2681 3066 6392 3721 5400 9823 6722 7237 3141 4857 9060 7072 9367 6549 1117 2282 7717 8860 8488 3505 44
21 7952 8024 3067 730 1601 5628 8038 575 4493 7149 2667 5810 8649 2333 968 3600 9059 2987 566 2862 8684
21 1888 6951 8823 6739 1693 6484 5901 6983 485 1668 8359 8749 468 6797 6374 4860 4927 705 3591 181 8169
21 1040 1194 5205 6615 529 3326 1004 2835 3938 137 7272 5452 9655 9098 4589 2775 5634 5989 2550 4157 6934
23 7119 1492 3891 1527 9613 7263 711 4062 6699 2039 7802 7598 9945 339 2757 2199 478 2946 6401 6194 8424 406 3033
21 734 6654 4455 7000 9871 6638 91 4035 5064 918 5093 510 8662 2306 6344 5321 4928 2443 7032 6931 1134
20 4214 7116 4935 8338 6818 9068 6582 9784 1045 2913 4330 2154 5028 4168 8904 6936 8197 4977 3229 8942
20 3149 9864 8128 1211 2515 1980 2771 4085 4789 9879 2081 9991 8208 3004 2555 1292 6035 1147 3000 6524
21 8204 8290 8351 6316 1949 6832 2846 1537 8993 9395 3494 6707 7805 6915 9155 4647 7473 3551 7832 7303 8069
21 157 2915 1986 506 8118 843 572 1716 5915 1746 2178 2948 8416 6561 9727 1440 3268 5831 571 1225 4129
11 6321 3269 130 2778 4238 5843 2575 3143 9604 3387 6792
22 5598 2233 5034 8832 2305 8079 8190 1220 7770 8212 326 5134 9027 3763 8116 2826 6027 8092 1712 75 756 4145
8 3988 8967 3906 3235 5419 1395 4401 1575
23 8406 7864 4706 7546 1777 9134 1081 6367 402 122 2653 6777 5552 2947 6219 6826 2435 1797 736 7517 8126 955 8648
20 9283 4260 4112 9628 266 1565 4895 4772 2634 5655 8844 515 7491 5564 555 5826 221 1390 5162 383
19 7862 9805 2385 8800 4806 3648 7829 3433 1920 537 6006 8383 2459 7646 4551 103 2349 82 1740
20 6961 3596 1121 3816 6498 475 6971 7903 2935 2284 2025 7907 5430 2095 5770 8769 255 6007 2666 1137
20 4842 8426 3544 3270 4652 1725 8401 5514 744 2662 3967 9460 4547 7046 6846 4257 3001 5318 6112 5037
19 3103 2642 2216 6537 1521 9160 1394 1393 3873 3382 6171 1787 7541 2388 5277 9998 738 8888 142
20 3457 3208 1223 9735 8804 1245 6898 1297 552 9458 4336 4263 5156 1964 9715 860 1820 5373 3128 2914
22 9216 7129 6239 417 633 6587 4117 9496 7296 689 399 8813 6452 8027 9422 363 2503 9746 2301 7402 7404 5798
22 622 190 3368 6340 3418 6333 3065 1647 8339 827 9565 1420 4574 9802 5195 2779 3604 4676 4075 5814 3929 1718
19 5406 8207 2639 4485 674 76 916 9333 924 6137 6820 1807 434 6204 3449 4541 6151 2772 1929
23 3693 6135 4184 9045 2992 5892 7209 7457 5569 6407 9410 8246 2236 8516 3177 3815 6449 4081 804 16 371 4218 795
18 445 6912 4969 2272 4128 4777 9111 7351 7327 3521 6531 6034 1621 2437 6005 1019 859 8178
18 2986 720 656 102 1480 5386 5172 183 9630 2232 8811 1241 2705 8570 2157 7518 1366 1704
21 29 9733 7553 5377 7253 5457 4293 9482 1281 2596 2048 3212 8660 9777 7055 2726 3977 5342 1974 1982 4186
19 3471 7927 497 921 1271 4384 9972 3470 1842 4847 2309 6486 3215 2621 4765 9434 9010 6819 322
21 8179 3104 6718 7567 9712 7134 4689 3377 2190 6156 3930 8687 2891 2489 1762 850 9177 755 9220 4281 4374
10 3555 5466 2718 2325 4534 341 291 4364 5435 6492
21 1866 5387 9503 5711 3513 8945 1106 8597 6059 6970 8437 9110 2804 5013 9946 8639 3882 3192 3718 2371 160
19 580 6502 5743 9965 4048 1123 3489 2682 151 5824 8511 9352 5428 8393 1362 4265 3301 8808 1602
21 3281 2401 5712 9610 2126 4907 9694 683 7286 4258 4850 9344 2328 2716 7780 1793 1585 2094 6748 6458 2273
17 6456 6420 1627 9035 2809 6451 8343 3924 7179 106 7897 6313 3102 314 1683 5637 722
17 2020 4959 7355 5250 6925 7556 3908 8912 6532 5026 6017 2522 8234 8859 1698 971 4277
14 7640 2118 9349 3573 4101 839 2037 9592 8579 4837 2194 8295 1418 562
22 2576 109 1625 8346 6293 3373 3583 9810 1796 1235 3673 8872 4932 4535 3509 2344 4161 1148 5368 6358 9791 247
21 2912 9402 7585 57 448 8682 2898 9566 8173 5360 9018 9828 1151 8776 6328 6421 4403 5613 5051 557 4908
18 8184 8243 7085 9118 1913 3949 1828 8512 6497 3823 1068 5786 2458 6310 1841 7083 6351 818
21 1353 8739 4630 5602 992 1942 1902 9513 473 2084 2765 118 309 9096 5129 1321 3131 6489 4479 7667 5538
23 4788 9935 9267 8637 6523 2797 7769 65 3038 4441 2892 6324 2045 1034 9857 6508 866 7377 8206 1990 472 9391 2878
21 6228 3249 9128 7428 6327 8191 3735 4002 6085 612 7588 4334 5097 9240 9973 9624 5846 5806 4506 7242 9005
21 4495 8489 8573 2399 4704 1415 4937 7645 7933 6862 7086 4899 2506 7324 53 6852 8487 5401 5253 757 1662
24 1269 3572 168 846 9617 1252 1248 4256 8761 4617 4876 7616 4244 4919 7076 121 3195 8805 4463 6732 5728 6045 5410 5244
21 5424 6849 4194 8464 1079 6896 8984 4879 8785 7732 7661 3082 1196 7797 9553 2088 6211 6943 3734 8467 1226
21 5341 9920 565 2952 494 6379 3295 857 1431 4828 1886 9143 3247 8248 7755 9340 9783 8369 2277 3994 2618
22 1735 1860 9274 655 9450 7232 2900 3904 8033 7967 3117 4561 1371 670 9982 1308 4169 4009 5388 6621 1164 1343
22 957 7140 4575 4502 3398 8652 6757 9033 9987 7176 5715 9080 676 9375 4026 9016 4621 9689 7995 9269 4118 2049
18 4586 7224 950 8642 8996 2078 8628 2345 6253 9163 3764 8604 4519 344 4611 8141 395 976
19 3025 3409 2143 4109 1206 4282 4365 1870 816 2156 9363 346 4262 4254 1991 3250 7978 6999 4013
20 5304 5425 2167 4021 6672 2082 4591 6331 9902 2526 2447 1520 9762 8944 1116 2024 4904 6257 59 805
19 7141 2928 8803 986 5043 3785 8072 1914 4840 5005 1182 5496 6926 9173 8849 7660 7624 2294 764
22 3564 2520 8434 5566 2235 2250 4854 4247 1584 3278 2348 9498 1310 6488 3649 9492 450 7618 9371 4897 246 3380
20 1528 4511 7430 2999 7342 9303 9795 3173 1471 2374 733 9594 6646 2222 3011 9066 570 2136 3662 2873
21 6952 9046 6457 5746 8462 4733 4782 4355 9263 4744 6923 4880 3915 8494 765 7247 9562 6948 7121 5774 8777
22 8342 8149 8792 1503 832 5853 3952 4111 5472 8855 6975 3538 8772 3784 4461 4086 1361 2339 3046 3198 9781 4338
21 3030 3579 2838 2975 3050 8035 5782 3672 3450 1597 2602 6953 8524 7187 7634 4464 1059 8114 7087 9432 3322
22 5161 6404 4164 7243 1272 6133 5070 6201 4714 3474 6375 9247 9233 8584 5421 3674 915 5242 1044 2879 5978 1277
24 5716 3245 2106 6410 6742 2077 35 5160 7513 1967 826 1255 8817 4430 4954 8514 7675 735 9008 139 3715 9700 398 8046
17 5649 6570 6579 8300 458 1078 2882 1687 8961 2700 4368 8657 6411 1581 781 3132 2650
19 3743 8020 8447 8133 761 9364 1433 293 9718 114 4503 5691 345 2807 4943 7424 6464 9638 2441
22 3692 5060 442 4115 9273 8869 8951 5040 7440 2715 3593 7516 3127 2124 6071 2485 8754 6653 4896 6731 9201 973
15 6039 7422 9424 7098 7007 701 7425 1656 1766 8836 9521 3248 1614 5364 1574
21 2008 9090 5517 3795 1222 8595 6426 7525 7009 5219 7353 6856 9435 806 5422 5104 3720 9958 2342 7593 1055
20 5245 5744 9286 6550 3364 4353 1871 4406 5835 2451 5706 2387 334 2242 5251 6627 3923 983 5964 1677
21 6424 4208 3947 3966 66 1062 9720 9934 74 3946 8821 6593 2834 7620 517 861 1490 7752 1514 6685 1336
15 8559 3333 1630 6879 8143 8705 3397 1816 5139 793 4581 1036 5657 8336 361
20 61 9405 1363 4973 5766 5803 7636 7847 688 250 22 8930 369 6174 4632 2965 5924 4626 3956 1293
19 7229 7398 9666 933 3435 6476 4944 9779 7962 6883 2535 4590 1916 8436 9905 6535 7719 9126 390
22 8102 1609 3196 1276 4705 671 1553 3790 4607 8101 6025 1352 6131 5036 4253 9028 3996 2161 3423 9271 4251 1084
20 1879 8021 7249 3325 7693 6921 9179 5849 8127 2971 3437 7411 6590 1231 9697 8076 5923 8863 3189 6390
21 8728 7210 4665 5686 8167 2477 5208 5503 5167 1451 5963 3668 8621 8032 9074 9873 9200 7781 7426 4142 8232
21 5381 7114 3176 2649 6182 292 5279 3584 6268 5210 5692 883 3757 1075 5527 4562 574 6318 7974 6955 1003
18 8578 3622 2206 133 9554 7417 6064 96 4155 7299 6754 2871 469 6334 8417 8554 1247 7611
21 268 8736 1530 5771 5719 1655 3205 355 4690 8745 3319 1154 8335 1069 4960 5577 6673 6941 2679 9676 8468
21 3008 9852 5049 511 853 6121 4344 7389 8334 6738 6446 4370 5267 3309 30 7970 7423 2027 5057 6545 1410
20 7877 2788 4836 775 6000 9141 2164 5958 90 5906 67 1388 9036 3306 1811 7596 4785 6177 5543 4041
23 7799 7435 9052 2147 1491 3512 4724 2568 9167 9988 1217 4137 5627 1985 1405 5488 8045 3597 6105 1953 6065 7202 3931
15 8520 726 4867 7554 7464 5352 7998 1519 1184 2378 6144 3998 7300 9661 7223
18 8271 9463 4349 9182 6618 342 618 3905 7101 5313 3726 2500 9379 2569 9814 3383 8927 2764
23 585 5227 5113 9087 4421 7226 9127 3181 8324 7812 3907 9043 5042 9612 8074 5079 2994 3144 9248 5737 2689 4697 418
21 7911 8484 5829 4703 4938 9466 5603 4014 1047 8103 8933 5052 1640 3979 7421 8317 9699 6635 4769 9955 579
18 741 6245 6048 8806 7764 8413 9774 786 9234 6813 1727 1197 9780 7850 2423 1890 2389 455
19 6607 9544 9869 5783 2171 2366 7077 6897 260 387 7796 8400 3037 9293 2974 6973 2456 1341 2055
20 6649 2942 6875 6942 4481 7010 3798 4821 9288 636 9444 2565 5199 2945 2336 5740 9063 8751 2133 1086
23 6160 3197 9768 409 381 4643 4099 7234 2000 7629 8938 9185 6609 9870 3599 2572 6303 1270 201 9527 2752 2494 4732
6 4882 3202 9189 3327 4160 1425
15 2941 873 5256 4204 6223 4903 7921 1775 6117 2863 4612 6107 2728 1095 1446
21 4687 1438 2780 1580 6825 5899 1897 4159 1779 760 6478 9575 4831 7199 6428 9279 192 7151 3455 913 3897
9 2774 7325 3155 7213 4997 9597 3835 8327 195
17 4829 5069 5306 6574 7679 4512 8531 5007 5951 9500 7765 8589 2583 5876 9399 2521 5438
7 113 2736 2767 1826 7863 9747 4729
19 8395 2711 8040 2967 8609 374 833 2332 5124 5880 6043 4037 9688 9529 3567 7669 6958 1579 2145
16 9207 1100 5562 2220 433 8995 1320 9975 5403 8969 1099 7132 7806 1696 441 1663
18 3239 5698 533 9037 2355 4147 2330 7501 152 9728 6854 2201 6666 1792 1383 2197 224 3514
19 9411 400 284 922 9897 9729 8063 7630 2033 5268 3006 1583 3610 7454 3095 2011 9775 1360 2628
18 4644 9202 4990 2383 230 732 8228 4858 4775 3953 6774 9006 1025 1572 9365 8221 1230 6693
23 2944 4833 6473 4615 3108 4113 865 6772 1504 2246 621 801 7331 8067 1954 7545 8281 7084 6079 9168 2623 746 5407
20 1794 3430 7580 5699 2937 7456 3314 4024 9205 4423 7643 1175 2567 4391 7607 4367 6088 4504 4273 1972
12 6724 5991 7689 4853 6619 7225 2193 6052 4994 6289 1403 6111
21 9670 1372 328 3263 6842 2140 9842 649 6218 8767 2613 6251 34 904 7547 6551 3285 7388 9307 9615 1456
20 8420 1970 2060 9481 5995 6437 2665 9457 9194 2955 9896 1988 2753 1832 2655 9501 1906 9591 1149 1375
12 3321 8883 7145 5231 1317 7106 4995 4956 4216 1909 7758 1080
21 219 2074 7442 3993 7912 8266 8990 2670 2017 1098 8016 5807 1567 8144 8479 5612 8183 783 4402 4311 1680
21 9901 6735 1830 3663 2930 1700 5291 2601 680 9917 4060 5650 2542 5642 46 9094 3486 7697 4701 8839 1242
19 6044 6669 7874 3220 380 2467 3534 3657 7403 1508 6705 2365 2860 6055 2701 3943 140 3099 7681
12 9121 668 1450 50 9009 2708 2849 1049 5247 8409 7597 1950
23 9581 7451 2511 5535 802 4602 2217 8782 3722 7361 7562 1965 740 5194 7292 8651 4102 491 7431 8398 648 6624 3884
16 9020 3362 7594 278 2042 7683 6264 771 5590 1070 6599 6037 7359 7126 5395 1157
14 9291 2424 7648 9815 376 9249 6395 2229 7841 8387 4287 1522 8282 644
11 2176 8415 5336 9618 4791 5397 4688 2131 5974 1987 2586
22 6767 739 5654 9744 4017 7207 9980 7014 7217 1396 3395 3182 7326 9582 3258 3587 4226 3983 2354 3098 4923 1825
19 8675 9845 6438 6762 4302 9508 112 4623 4992 7564 1684 8399 4466 8186 9086 6881 8255 8556 3713
16 1993 8209 8774 4153 3199 3729 8992 4016 6240 38 5823 3683 1611 9241 8683 226
20 2278 4154 3615 8882 9151 2622 282 6042 6179 3808 5180 9822 7925 3399 6236 6588 3318 6959 1093 2208
17 1563 5477 7931 1861 3233 8603 8672 4001 4571 7902 5288 4032 8997 7184 6315 1082 7566
21 9979 6329 6851 6202 665 9341 6657 2525 9785 3216 847 3973 3089 809 8706 1028 2460 8626 3892 6782 3812
21 8509 7180 1421 7685 2927 9645 7915 5240 9114 4372 5862 6308 9077 3137 7727 6945 8500 1234 1484 7295 8507
19 1815 5214 7097 4958 6393 1392 9023 9886 659 2712 1260 1162 1749 1802 3109 4522 651 9531 8607
19 6633 6740 4080 8112 4664 353 9219 1513 9884 6001 7222 9062 3058 213 2396 974 3283 9616 4057
21 2327 4387 4255 9511 5263 3169 4653 2241 7344 3961 3498 6081 1707 4306 5755 7560 2833 2637 2976 5499 6750
12 610 6377 9348 8362 8004 8472 3071 5768 3448 5587 12 1708
21 2507 7889 3976 4980 3666 5815 2885 5188 2710 6030 2694 5183 2832 2215 8732 1278 185 3627 8880 3140 3569
22 4098 7020 1869 6125 4585 5994 897 1264 4443 979 1328 3714 6714 917 7963 8242 5146 8765 9808 5002 914 8036
22 4066 7198 8370 8614 2578 6128 9000 2228 2497 7370 2119 52 1302 8665 5061 1608 9223 5568 1476 525 7302 1374
20 489 3490 5234 751 1324 9526 8830 3016 8842 4786 3788 7653 1448 5785 8264 4864 6968 9323 2019 2671
19 5902 5818 1959 7759 2790 6261 3222 8470 9079 542 1423 725 6275 5276 8391 6992 3273 7481 8778
10 7468 5155 7030 5546 9181 2046 1846 1347 2038 3626
23 2429 1689 128 9485 5662 3531 9264 5417 1840 9570 4007 9539 7698 5984 2452 8307 8729 5177 3336 6585 8613 70 3218
20 4984 6804 3875 3036 141 3394 8214 5658 4219 3997 1603 1032 7728 6267 3379 6954 8066 7772 5633 4296
20 2828 3384 2881 6029 4749 444 2393 2599 6020 1469 8316 8258 7159 6640 3822 5643 5073 6046 8166 242
23 6418 1013 1030 8309 6186 4139 1250 2969 9950 8326 6803 7169 4798 4634 6234 4708 6341 9455 3070 3485 559 8641 2606
22 3667 9406 6304 7574 7323 2382 993 7301 9789 194 3007 4595 963 4198 6038 8288 404 9212 4447 9383 1570 747
19 4056 9830 5756 660 7558 2234 2805 7418 9801 2303 8852 2471 4487 331 959 9154 9308 5068 1549
7 9698 9459 7369 1969 8567 2289 1301
21 6965 2512 332 3112 9564 9133 463 3867 7999 8889 4521 6336 1239 3194 6728 238 6070 4905 7526 6479 7820
22 3410 4583 1090 3017 3051 8378 459 1176 1534 3574 6504 7285 1856 7858 3096 9149 9502 9148 8404 132 8044 1801
20 6361 9649 6004 8868 908 7120 7579 997 2299 7914 9593 9584 1124 7853 3234 937 6637 9971 1006 7281
10 2418 1331 9356 158 9197 8097 4303 8087 131 8569
19 6269 7248 9743 6480 8664 9388 1041 5962 6357 8129 490 7529 2801 628 6373 7073 5257 7946 302
19 6694 8277 6338 172 6647 8075 5008 1896 285 531 544 8627 5135 4917 4797 2870 3932 5676 1261
21 5222 4414 4233 8382 6984 4171 553 2439 9278 7665 520 814 9479 7942 564 7096 1497 4165 2069 667 4545
21 2531 4170 3129 5182 7438 3646 4068 8591 83 4988 6940 1065 9107 4552 5191 7240 8096 8130 9787 5508 3107
21 5881 6884 854 7477 934 6885 8814 5163 5184 5101 8439 8034 4304 8011 6506 4814 8313 9961 6423 2227 1472
15 3708 8973 3686 5323 543 1945 3933 3881 4524 6126 1351 2827 3447 6978 1212
20 4873 8449 5307 3958 601 6848 1387 8601 877 3782 3345 5114 4110 6146 2545 4418 4240 3595 295 9476
16 1228 5332 7873 4549 2076 9357 5530 5310 2150 2792 6720 8734 4134 411 9577 2163
21 2166 6164 3739 1441 7984 5838 3436 3454 9101 2632 1717 4449 8746 4202 7734 7932 9358 6249 3287 7251 2210
24 9187 8302 8274 3605 9116 4986 1862 1799 2386 85 7793 812 887 6243 7887 803 3935 3460 1618 654 2475 662 263 1547
21 554 9246 7631 4404 3732 6196 3901 4087 3537 5367 6629 6863 8725 4389 7308 2392 4684 7801 5797 7533 664
20 8564 5491 9011 4656 708 9912 1201 3625 223 6996 1911 2741 1298 1413 5075 6788 6555 9413 3080 1185
20 6900 6150 5090 6966 7941 1944 9671 8748 1827 2640 3045 8390 8899 8315 9170 8931 4737 4771 58 1892
22 1332 1406 892 8198 7876 942 461 6641 2248 8903 9392 4835 5099 449 8600 5822 2553 7409 9953 56 204 5672
9 7227 4881 8764 8495 7584 3240 4252 5696 3857
20 6780 2495 849 9394 6041 5495 4947 9183 9420 1072 217 2473 5925 4182 6542 1748 3256 2280 2909 5175
24 3655 2426 5025 1500 3057 7808 4677 7763 6858 4682 7474 2274 4539 8593 4398 9085 9855 8005 6773 9936 7540 9898 616 5399
17 9626 5500 7557 1215 1660 6197 6008 871 7260 1370 3152 7452 3355 9095 2226 2490 3081
22 8698 4673 6021 9538 7245 4213 5684 3267 9361 2116 2645 1715 754 1368 1167 3634 6443 8781 5392 5024 2139 4124
21 5343 8699 1524 208 7309 1831 8693 5076 7987 4092 5651 8544 1382 8983 407 2925 5754 8663 1526 1507 3950
14 8086 7575 7552 4762 4053 63 3217 3628 7313 8580 6691 1011 4339 2625
21 2324 902 9282 4088 1884 3393 1104 5941 456 6932 536 9236 5482 1389 5 6394 9169 3920 8707 1865 2658
19 3697 864 6711 1430 1494 7334 3316 6009 9237 8562 4694 4527 3777 5447 1926 6617 171 257 107
20 6913 1635 3426 9819 5557 4072 9658 4989 3888 6036 4211 135 2496 1391 885 4459 8755 6701 4425 3664
21 3168 3651 9306 6265 5012 6967 2108 2315 5143 1275 2760 6859 235 8366 4543 5871 3290 7095 9331 7405 4662
19 6843 2782 2442 7535 377 1771 1460 8291 3704 4036 3736 1063 9428 9667 2022 1295 1952 840 2223
20 7188 9347 7357 825 3740 1511 6764 8182 3487 5032 2205 2756 6785 198 2721 5781 4768 6895 4554 7855
20 6794 8978 4875 1465 9537 2731 2907 9397 5050 1702 3602 4400 3937 6372 4856 1126 1287 3305 6417 5449
20 4877 3329 2455 8521 7434 6809 7988 6839 3292 3701 714 9456 2918 3834 912 9124 9494 2144 3902 5110
18 6139 9030 7190 3775 8486 893 2959 6565 3266 3756 4849 1171 2168 7886 4422 5207 2097 7437
11 1407 5480 6109 3100 681 1877 4188 9217 3335 5551 2408
21 477 6558 3779 6749 354 2275 7078 6138 2958 3940 8161 3912 9093 8812 2588 5759 4456 6759 9389 7954 4305
21 696 8435 9806 8915 6985 5837 4396 852 9928 1604 8896 2633 8504 6232 5725 4146 5833 2035 447 6295 954
20 8787 2714 9636 9180 7666 8953 6161 624 6061 7273 7729 4480 9142 9959 4132 7973 1467 7416 86 1619
21 8213 8224 9464 8876 4318 1752 1424 8099 9039 678 1688 7651 162 8256 9415 4375 3244 7485 7350 2252 4861
18 7709 2641 499 7712 9512 2016 8419 2990 8360 2997 9445 9260 3062 5319 1419 7955 8508 1020
21 5858 5369 9586 241 2652 1299 6519 6908 7610 8576 2841 4362 6557 8060 8985 347 5355 197 4448 421 2816
12 3647 6378 3351 6681 2044 1765 964 236 5750 1259 7161 763
18 1447 1593 2335 7196 3203 7045 5679 8656 2558 5154 8697 9989 8381 810 1925 2286 5666 868
20 8630 7891 1200 6356 2585 9190 8239 6833 8093 5872 2793 3479 9315 2533 3660 3151 3040 5095 9555 3069
