15 42 2332 1067 979 1777 111 6210 4599 1352 1450 5335 668 5300 6784 5107
22 187 5130 2858 1398 4286 6753 1368 4900 1189 2011 1960 6665 693 999 5773 1201 4242 3351 3653 7002 2007 8465
20 295 4581 5116 939 2950 720 5975 5329 5018 6997 1490 580 6653 1640 2023 4626 1859 2776 6639 9604
22 306 9054 3171 6890 5349 1283 3917 4452 3130 3850 2852 5848 2981 3211 4149 5495 4861 2366 4270 4422 6952 1289
20 333 7609 2202 7235 2524 393 4969 1759 4577 4316 1936 3674 5295 3337 767 6209 1538 3015 2067 2994
17 389 3781 5263 1795 6177 43 5401 4306 301 2842 6670 2216 5165 6067 6636 6533 3024
21 493 4238 2472 1053 236 134 3683 2595 2548 2408 6811 3723 6195 5362 1528 6880 5538 5466 3985 2850 5674
16 691 1035 2649 1448 15 1258 3320 5249 2645 4693 4541 4225 2443 1181 5991 4644
18 835 4989 854 5436 1898 1749 5993 5373 6518 5419 1296 6926 4038 2264 6041 4518 4707 3952
16 1134 4239 2746 5693 6167 871 4223 4410 449 3109 2246 5920 4729 1974 641 1177
24 1179 6638 4951 276 7161 4573 2279 5177 74 1329 5106 3819 305 4080 2485 4103 7064 988 1646 4155 2448 2456 4111 1596
18 1408 811 2049 4314 5506 5983 5124 7429 4617 4598 639 4059 3884 4860 6108 4798 5928 3116
21 1434 8099 5233 357 3292 319 1525 1724 1933 2017 2666 1517 1073 3761 6165 2621 6661 2478 3101 3642 2436
21 1711 4796 4765 5476 404 2401 6866 6385 1880 4147 1929 1774 6837 3046 1733 1699 828 2197 1543 5215 870
17 1785 6190 6294 1421 4629 5360 4079 1796 4180 5214 2466 4372 122 3070 5870 2296 9895
20 1808 3452 7380 5461 2018 7061 5474 5429 1934 4160 3026 2290 3788 520 6986 5882 4552 4791 7315 8548
18 1959 3628 3471 3866 3275 2132 1460 4420 920 4207 3378 2764 2374 1583 2844 1638 7722 5453
20 2098 3827 4279 3139 970 6994 5406 3774 4443 3454 7355 1467 4277 1535 3740 6589 6723 880 714 2349
20 2139 3991 7222 3519 2573 4123 3346 6215 6856 1069 986 1892 5076 6403 2662 3206 3154 5276 5280 3767
24 2150 1568 5952 5031 571 6985 4356 4193 753 1915 3303 2551 5026 4162 7231 508 5641 1447 2214 7595 587 5543 824 283
25 2223 4260 839 6754 4692 4003 5238 6914 2066 7589 4417 1070 5356 955 2128 2696 797 1019 7360 197 2559 1266 2881 1551 8114
22 2234 476 2482 1123 2101 216 7379 565 3743 6378 1894 6166 5622 2118 3189 5544 3358 6335 4479 120 4339 7559
20 2368 3929 4503 2252 4104 6361 6697 3893 7809 3657 2419 1581 4499 4558 4265 7520 575 3138 2215 1993
24 2440 2713 3693 2353 408 4117 619 546 55 861 1052 3470 6861 1789 3728 3566 3538 7228 4105 6654 3652 2985 5044 4576
24 2446 7914 4349 2012 2578 5797 4795 1151 1971 7257 3251 3393 1353 4737 1781 5357 3089 506 752 4593 4297 6498 212 1793
22 2586 528 2396 5148 2298 2318 1317 525 2725 2808 5699 322 1856 5299 255 4837 1844 1514 1790 5795 5513 7885
20 2600 1573 5136 5113 3264 837 3871 5935 3078 5450 1114 1780 490 2726 3691 441 978 3816 7568 4916
17 2603 1141 773 4169 3855 4983 5670 5822 2260 6298 5067 1848 4035 3751 160 4820 5002
23 2635 2156 27 5209 4050 215 5201 1802 2255 3416 2369 318 583 6792 6087 1065 410 5445 7505 1881 371 1864 9941
20 2734 5030 7183 5574 5901 1149 4055 2909 5963 3730 5104 514 241 2344 2880 3990 4150 4981 1991 6491
20 2758 6982 2554 3005 721 5167 685 1081 1082 392 1908 2998 6345 3535 5267 2831 1017 651 6320 9403
23 2772 4794 4824 4186 4082 2622 250 4315 4640 1676 3035 2656 6380 2951 3222 4972 4220 6568 312 4411 2807 7063 9784
25 2822 5524 2855 3679 6961 3536 1575 2531 2313 1269 1852 5647 2020 2121 989 3662 2411 631 921 3469 5686 1576 4762 2367 7368
18 2849 5160 5984 6032 5683 2450 943 5347 7792 5842 6396 3252 5902 6478 2537 2829 3059 582
19 2921 1691 768 1131 2637 2853 5862 636 3241 5782 3963 6078 2684 1884 401 3542 581 5960 7996
21 2922 5595 3579 4005 2301 2499 1516 868 3134 249 2237 5737 755 3792 6525 4121 1786 4586 6942 2494 6091
25 3039 1824 1348 7230 706 679 1012 6473 2062 4612 4930 234 5485 6939 2639 1379 3965 2529 4362 2896 5560 6660 3583 578 9307
19 3042 551 7244 4175 3604 4370 594 5830 6646 863 5152 5443 3890 5078 1041 7714 4631 3601 6135
20 3060 4249 2569 6128 2961 5763 1045 2463 4161 4414 4406 2131 6043 5203 2566 6782 2275 1697 2956 960
23 3117 3233 6154 928 6464 3997 4273 4185 4679 7108 7596 5761 4332 2110 6249 6054 3097 5120 3450 6169 2781 7947 1199
25 3153 4057 3333 4655 2677 572 1707 4194 6084 3813 6862 2577 2811 6365 3162 3973 2958 2934 4993 2095 7152 6397 2075 4135 4747
23 3183 6543 4507 740 1735 6364 4047 76 4551 4676 3927 5493 6487 3550 6004 3924 1782 6239 857 20 6332 655 5273
21 3190 534 2836 2756 4304 5424 1306 1564 2412 2014 2741 2108 17 944 3309 6517 5936 3664 6269 3188 7527
23 3249 2698 6785 2195 5315 472 3791 4028 5768 6010 1661 2631 6180 6124 2402 3999 2455 1570 4907 7517 561 2804 5561
16 3425 417 2876 422 2613 3364 3147 153 1033 6839 4007 770 1811 2385 1027 973
20 3448 4922 5511 2614 4001 513 5369 400 7000 877 5202 4373 2757 4299 5034 1506 4336 856 4699 5320
20 3516 5941 2512 6635 3845 4030 5916 6230 2590 799 1853 3102 705 4439 5286 3081 2667 5918 4940 2634
19 3592 2069 1756 7151 2868 3882 2040 412 3684 3641 2754 3690 2871 4036 2203 2308 617 1473 2504
23 3660 957 5197 6857 3150 2339 456 2001 2457 5597 4168 6238 5720 5174 4054 1336 7563 4536 4979 5521 1943 624 3227
21 3883 5673 3551 2305 3518 1373 4377 4325 3262 3453 6721 388 3414 4041 5589 983 3014 4811 3305 5470 7688
18 4114 1365 5612 1042 1009 2955 644 7400 6174 958 268 246 4731 1005 4369 3207 5507 3375
24 4115 6092 1890 6292 3019 2435 4562 5843 2931 4021 3121 5063 245 5484 6343 2596 4464 786 7092 7303 4138 6008 4875 2497
18 4172 5798 1822 3528 5343 4958 6918 1742 5379 494 2702 3591 2597 6260 5985 3958 6626 6413
21 4904 5195 2930 5990 5706 5157 4348 620 3494 3284 1094 1383 6306 6724 4056 139 2579 5599 4877 1550 4775
22 4967 6796 5675 4046 4307 4395 2470 6515 5137 5611 522 6692 6451 2364 2113 4572 1841 2510 3274 4237 7246 4014
22 5260 2091 1339 5400 5166 1160 3427 1643 4383 2220 6418 222 299 1502 1116 1388 6241 2483 4196 2444 4605 4087
19 5266 330 4156 1674 4724 648 3290 4098 1068 4146 2521 1619 6122 6642 898 2454 4682 3870 7774
21 5371 9858 6214 89 1560 1865 1549 5096 1948 866 4934 5655 1561 2476 7140 1337 4646 5937 4890 3366 2623
22 5455 4801 1125 3765 2736 2141 1016 2642 356 718 2948 394 5974 6272 1552 5541 2174 4681 2094 4257 119 9138
16 5588 5388 2000 3412 4703 5879 1349 5964 7001 4549 650 6458 4971 1628 730 3436
18 5604 2563 5115 2963 6374 1239 147 1354 878 1867 7404 6719 407 4886 469 5391 4274 3913
22 5634 4759 747 4966 375 6618 3587 3185 576 2924 1044 2114 5994 998 2130 3231 2750 890 821 4746 2814 4037
19 5876 2241 4937 3680 3486 4799 6740 4489 5550 529 1046 2173 244 2458 5824 1454 2620 1315 85
21 5959 1191 6936 6748 1631 674 5911 4564 2724 6508 2970 3043 4654 6777 2742 1501 2079 5017 3649 5054 2451
20 6056 1387 7011 1923 792 5274 6606 4100 3317 58 2181 4812 1823 4330 2628 5316 3614 6356 4561 2925
20 6096 3210 7331 238 2334 1253 1248 5442 4986 2939 1054 2111 3085 829 1703 6103 6943 6028 4461 3080
21 6130 3902 1425 227 5462 4126 484 5769 5121 3606 3310 4713 611 4509 3419 2420 1335 5221 5734 4353 4171
24 6198 3496 554 6819 2838 4048 3341 168 5175 334 6368 909 643 5662 3371 1230 5421 2222 1086 7376 6907 2828 6496 2423
21 6261 523 7175 144 6699 784 704 6389 2247 290 5297 4985 1482 1413 5651 2284 3998 2571 1010 3530 2518
23 6340 8085 1364 5898 1024 2137 690 5090 3863 7007 635 56 2227 5498 7428 4429 217 4267 4450 3859 5231 6730 63
24 6440 9194 1704 5534 82 5308 3755 5863 2788 3908 3273 1406 1866 4522 5056 5825 5866 3087 1110 5101 1288 1323 1875 447
20 6599 3440 666 6461 4996 2701 3443 6902 980 974 2390 2845 1713 414 248 2641 1318 1728 5398 592
19 6613 4980 5516 7149 1174 6675 3313 5497 1392 247 2598 4709 1982 6887 1957 2834 5859 946 7534
17 6781 8404 3951 4183 209 4385 1007 642 2589 4167 1403 7510 5469 5776 7542 3918 4331
20 6812 4766 5917 5566 4476 1787 2983 204 532 2080 5540 3409 6768 4233 897 4505 6832 6358 3074 7641
18 6885 7760 68 1558 1282 200 3146 3812 3461 3293 370 4991 853 7055 3938 1115 574 5988
18 6933 3025 1066 2201 2745 5772 734 2068 331 3759 2342 1598 7027 129 4908 31 4793 6627
21 7080 2297 1964 3347 6990 6300 4363 2030 4266 2878 4425 7388 96 4843 1645 6118 146 5234 894 5729 5644
18 7136 750 5585 308 6236 2509 6582 1873 2462 3971 6494 3473 3945 3140 1874 340 3554 7820
19 7245 6168 5079 3905 3280 353 5290 5080 9 3885 1684 4216 6391 4468 4984 4517 5787 7718 5255
22 7318 1833 4757 6242 6299 117 413 907 3828 3389 1927 6353 1265 4399 864 3809 4484 2694 4666 2329 2530 6441
19 7320 6347 4896 3707 630 2021 6999 6486 2817 4351 1783 324 326 5111 3230 1129 2311 6266 1627
22 7418 4469 4632 5005 6049 5760 1883 1668 881 5770 6701 6302 2792 5980 4606 5243 3706 5747 3522 3218 6542 3708
17 7643 1746 5865 3278 5052 3904 2707 2320 1618 6471 4596 5605 2347 7512 4042 5527 6843
20 7678 2765 2813 1737 62 1592 975 2680 1899 3975 345 6026 210 4970 3960 4924 3296 5649 2523 819
21 7833 2711 5483 6102 1913 3881 4282 6295 1307 4153 3449 3894 3301 618 4711 2773 2025 859 509 1615 6898
26 7851 625 5008 1768 3324 1499 2239 5303 3182 5887 1610 1872 2928 832 5265 1135 3805 3408 3433 1162 5624 5946 2731 4947 6390 4871
24 8033 746 4805 552 6778 4910 919 2920 4465 3481 300 4295 2413 6147 3458 3125 5123 3621 2787 7444 1470 6932 3048 2388
21 8103 1846 3316 2767 3671 4323 1302 3484 1097 4601 7740 838 6228 1416 5899 4441 5061 1953 7101 1714 900
20 8172 5583 4355 177 3158 2689 3362 4032 4368 6048 2660 1803 2377 459 3661 7280 4954 5717 4690 6216
18 8450 2607 1014 2394 1821 2919 1692 4375 2632 5154 4404 1940 1384 1328 814 2749 3633 233
19 8544 2198 2350 1465 3854 2161 1118 1889 6449 2520 1830 101 440 6853 346 6 6431 3668 1635
17 8725 6227 1021 4034 3391 473 2052 5488 7043 2882 6789 3342 1357 1119 749 2959 4419
20 8854 4236 7015 7120 2167 771 2892 6708 4344 1459 5581 775 4836 591 5743 7263 661 2789 3422 1445
18 8980 3702 3318 1679 4290 4835 4382 3942 1496 1828 1931 763 959 1878 3588 4291 796 6172
21 9053 766 60 221 320 926 5183 3608 7195 2316 2546 5477 5982 1338 1624 2655 6579 5819 6573 3531 722
21 9058 8346 6935 2873 4145 2891 782 2982 1736 2259 3428 5893 242 372 37 4367 4580 1446 5621 7886 7796
24 9141 2351 4400 2555 1681 4730 745 2674 5748 3212 2286 5501 1292 1968 1719 2341 4305 3750 6848 3111 5813 3931 1954 2338
19 9145 601 2648 1862 7384 2085 2106 5023 3603 3982 4748 5971 5212 5708 347 843 1255 1653 3107
18 9151 846 108 1250 2794 3156 6472 4822 1147 1458 2740 444 3248 1901 1475 3842 3030 2810
17 9351 482 5041 3762 2359 1932 4190 5304 1698 5943 4645 6288 6314 6608 7600 65 4502
21 9581 1062 3899 1264 795 5126 2673 4734 2281 3794 3849 4448 3567 7013 5464 6691 6583 1227 556 3403 4329
24 9670 993 2874 3914 2479 3731 5218 2266 3544 7097 3839 6337 5093 2185 2658 4946 5923 1984 4022 2987 1800 1601 4643 2149
28 9738 7427 804 3104 6668 1805 3099 629 35 4134 1039 1837 6800 855 6156 1272 263 302 1806 1992 137 2865 3943 7463 4995 2616 6038 6164
20 9822 2517 3972 2526 6027 4263 6344 5059 4873 3360 4074 2231 2070 3967 2210 2422 2567 4268 2587 7887
21 9832 395 563 4009 1203 3340 3055 3136 2540 3961 52 2307 6863 1394 1722 3221 3688 731 3349 869 2084
17 9861 1712 6623 1055 5619 6522 3986 545 2148 1146 2475 5806 759 3200 349 5549 7319
19 9475 1247 4200 949 80 1193 2100 1280 3889 6904 2026 967 4203 3521 1254 5110 5471 6762 3580
23 7277 6330 3247 5528 5129 1210 7327 760 4158 4435 4658 6137 1507 5531 1341 4609 1400 3475 1663 6420 7128 2990 6271
19 9392 1599 5529 2399 6275 4858 4588 135 510 1418 512 6884 7570 1107 6560 1277 5629 240 5418
23 45 2996 5756 5889 702 6382 785 2609 4524 5045 2120 5367 557 5752 6629 6376 4043 4868 2490 1026 3862 464 6159
22 156 9960 3630 3295 2664 4313 7526 4638 5412 4002 4132 143 2077 2034 4482 1850 6852 6317 6631 1486 5618 6575
21 2995 5262 273 4834 4530 3480 2989 6183 5289 3010 3941 5732 802 2564 1006 3994 5702 486 891 3468 1212
20 3187 5049 810 1772 5188 2096 5390 384 1962 231 7035 2593 1190 5676 374 4320 2572 3589 7655 5392
19 3216 498 1994 4044 3398 4869 3721 4883 3639 307 2580 707 723 2109 6201 497 1079 1690 4821
19 4052 2847 5117 3090 4542 4533 1319 6063 270 1906 5572 5088 6911 3459 1798 1727 7399 4977 3399
21 4935 1130 5128 3291 1639 21 7188 2465 777 1358 7053 5252 1741 2941 4359 154 5145 3578 4973 2594 4659
21 8598 596 1924 429 3620 4948 1836 6268 4243 4428 4749 5027 398 2460 1987 2471 2883 4346 3083 1533 6422
20 681 6791 4259 2253 6876 6446 4031 7282 5839 6439 1050 3596 4742 4016 3626 2638 892 6377 5007 1651
25 4189 3665 1491 4217 4455 3757 3847 3625 1259 5350 5309 1303 376 4148 4756 3432 1656 5745 4816 351 6569 4532 836 7270 2659
22 102 1030 3878 665 5456 1794 7028 5302 4174 4665 686 710 1914 2187 1 5816 3900 3066 1305 448 2134 2894
18 6428 1143 4535 4716 3170 252 925 2513 2780 7012 3886 595 5891 5620 4810 4012 4407 4254
21 7849 1512 5492 1080 4636 2429 1004 2409 2843 3742 4882 2657 4335 5037 3004 1366 1902 1527 3959 2371 2561
19 5835 6891 416 3898 4722 689 7213 339 1170 3920 4819 1649 3093 136 1232 6899 6059 5216 6121
21 5482 5185 3992 5610 1603 70 6252 1544 1642 2759 3344 3837 3184 3569 1481 2065 1975 4827 4354 4767 1921
24 9106 3720 4166 1614 2013 7086 2238 4889 1096 3315 709 2056 3477 2508 3329 6682 827 7137 1061 3729 2718 205 4998 5921
18 8044 3476 6620 5726 851 5235 4997 1622 6893 3502 1838 112 4780 4850 5665 7100 1946 6148
19 7138 2766 1855 5102 4642 3018 84 2699 3584 2682 7146 4493 2029 5977 5754 3627 4959 2498 5284
16 6570 352 6600 7203 3439 358 2943 1206 5332 3287 3193 5393 6132 5715 5285 6576
22 4467 1942 687 5794 3623 5182 930 3281 3678 521 997 5817 5565 1565 6023 5264 6290 4664 453 2143 3872 3444
22 9413 9543 1424 5237 1608 4495 6643 2433 261 6567 1158 3955 6948 5072 303 2988 727 5452 1287 4600 265 8265
24 3491 6578 5949 6622 499 5502 2799 5413 3058 2382 2171 6433 6204 5150 5986 4513 3969 5684 10 2328 1594 6184 7533 3082
21 6430 1764 1148 2304 4710 6123 4694 1683 5781 4379 6993 3028 3747 3013 5554 1202 6355 5380 5678 2099 537
19 9168 2086 4088 2599 1238 6277 1000 6510 2300 4815 4826 5179 1077 2392 4366 105 4224 2532 7010
19 6229 4474 6500 3100 4229 5906 5083 3798 1483 2560 1453 4010 5778 4285 5576 5225 3148 4923 2155
21 9159 6956 5903 1809 1644 6681 385 3770 323 822 5852 8007 3343 5043 1757 4142 3257 7666 7413 2441 5698
24 2870 3384 6425 479 2168 2154 2762 3520 4483 615 4127 2389 4371 6453 6521 3552 180 4879 945 1843 4624 6040 6447 2507
22 3873 961 4219 4784 899 4597 2744 4938 4657 933 2044 2683 6540 3599 6714 6695 4876 267 6909 1385 4512 9478
18 4065 3503 443 2331 3277 3686 3525 1710 774 4668 3523 284 4409 3848 4615 5559 7187 3595
22 3636 4797 3201 4165 2992 3420 1555 6256 6287 4689 1952 1706 5688 19 3933 2074 4741 6818 6867 1105 7631 4585
19 2584 4830 4392 2169 5783 1411 1609 1671 2153 3446 3786 5040 5422 5468 1311 5359 5569 1522 2107
25 4182 6463 3735 5705 6634 3803 2624 4460 5279 359 225 831 623 3605 4800 3056 2271 549 6193 2461 6254 4020 3421 3529 7021
20 577 5703 544 3177 5210 7116 4809 2179 5100 7560 4943 274 2692 7248 6247 2486 5515 4895 825 9346
19 2717 5837 1531 5153 2135 5434 2050 3124 430 5718 3204 5853 3738 4569 1857 5091 6490 6561 9697
18 9371 6671 1675 555 5742 6412 2426 2900 2576 183 5741 6110 2733 5762 2612 1716 4412 6017
21 3831 1312 61 1462 2391 383 2846 3834 3685 3585 2837 3571 744 2112 1072 5992 5217 7734 1812 2706 2907
23 4891 3581 4390 4807 69 2775 2129 1871 2629 6814 2019 2219 840 1970 2688 1438 6855 876 1997 3141 2862 2670 2879
24 4768 1415 1325 6379 590 435 4110 1092 1402 3801 6706 6334 6938 28 5892 6694 6702 7440 1281 7477 4380 6029 5227 5211
17 1566 6459 3667 4388 4833 3981 1452 6696 3895 5003 6035 1343 3655 467 1270 1738 5707
20 8078 2037 2439 2410 2039 5028 1444 39 603 7265 492 4570 3776 1075 3223 2162 4008 1820 4516 2480
20 1717 7313 5653 4152 6395 4454 1477 5584 7105 3795 1847 585 3400 6336 3357 5019 1686 566 2291 7414
19 9191 7324 5938 1197 5744 6105 4116 1028 1074 2833 5191 3869 1084 5381 7287 2514 3474 7850 3748
24 7653 4501 5334 3694 2752 5151 7185 2322 848 4504 4430 2903 2424 6895 3978 5394 6307 2932 6342 4705 6086 2691 4384 1851
17 4611 1113 3044 434 4953 3330 1214 1829 4365 5415 913 6825 455 5161 3956 6680 8945
24 3922 626 4327 1776 1588 5671 3619 243 6715 38 5818 5869 2761 1667 2193 1613 4211 4234 4283 4783 6415 6947 2582 5193
21 8858 3209 6265 1745 1907 1412 3489 3675 569 6693 4179 4128 5775 1058 2180 423 7354 4026 936 1099 8392
24 9888 698 3258 16 504 4221 3784 257 1228 2643 1244 4546 2326 904 6758 4911 5271 4029 1951 1626 5536 1678 2678 7207
18 5254 3701 1293 4387 2061 6795 1290 5259 1047 386 5628 4719 4405 3874 3224 5809 1891 7194
20 8141 4049 6245 5598 489 956 902 5802 7037 778 6143 4120 4839 3574 1702 6109 4613 1209 4832 697
19 8786 598 107 5278 4684 6352 32 5220 3047 4534 6739 5871 4426 2063 2211 4695 1399 2630 7690
23 586 2830 3179 1186 4480 2147 232 5587 789 1986 1747 1188 2151 4340 3327 4595 5961 7669 4721 1474 2105 5204 4347
19 7576 6888 477 873 3335 1897 4500 4515 1142 6644 6807 1240 562 4920 6289 6916 5375 5269 8694
19 8424 1807 4717 678 6551 5639 1792 6191 5803 198 4113 1858 2488 4932 2072 4459 2054 3906 496
17 7883 462 5318 1770 4095 5404 3622 680 3129 1845 8 4968 6774 6324 2170 4771 647
24 8220 2803 7397 4192 5125 794 2917 4527 3336 5480 564 2500 1504 5643 1231 4023 5602 3395 3613 7523 4287 764 6587 2254
22 1574 6729 5908 2384 5368 1342 6328 6615 5578 4918 1439 6384 5013 7410 4670 2196 5341 5009 1333 3406 6240 6906
21 3590 5149 1285 6258 1380 738 7361 2207 6927 3629 7321 4471 6607 2929 5931 3915 4253 948 235 6303 3769
22 2265 1275 309 163 1245 3724 4652 5694 5024 7242 2464 7167 5239 1224 5131 4770 364 1989 1580 2737 6235 1911
19 3511 1204 6200 6151 663 167 3430 7443 2010 2015 6111 2445 483 5932 2360 3196 4680 4594 9600
21 8946 4574 5134 1059 2058 3079 6163 2547 6552 1530 1632 4787 3394 6034 4528 1687 50 2778 2544 5930 6301
19 719 3236 7047 40 3050 1612 5348 4350 6160 3144 6705 92 4614 1910 7139 2177 787 852 6614
19 4466 5721 350 2860 6516 5138 1322 5739 1120 2178 5411 5306 6220 1523 1432 6273 6022 3404 2936
25 9180 5326 915 3312 5669 3953 1969 3783 2797 2274 4446 1545 1526 71 1761 5978 1346 1625 3980 7073 7905 4927 77 5586 4881
19 1999 4494 548 779 53 1750 36 893 1003 5427 3180 4700 5199 2625 992 1814 3977 2796 126
22 9014 6720 4442 5144 3949 7201 2489 420 4178 1919 5230 7184 4094 1286 1234 269 7339 754 6408 2627 4437 6051
18 2209 2793 4870 659 2053 2748 3711 2083 4726 7068 3246 4276 1571 3276 708 2434 1509 3057
22 1579 286 4338 3921 1175 4391 2608 6244 1132 1089 3110 865 6945 2324 2697 3602 923 6571 6071 1900 3157 1397
24 3016 1817 328 271 460 2966 7349 2415 4818 1695 916 2704 5642 1213 2045 1569 3032 316 1546 5677 4688 172 2809 8311
18 5832 3181 4311 5 6007 6359 266 7328 6749 1382 6841 4893 285 6957 2732 192 1071 5738
16 7426 6021 1734 6407 158 2375 4888 1825 1056 6006 4838 2886 4663 6293 2716 8351
23 6507 1377 6509 1276 3225 1784 5168 1304 995 3194 4456 428 3616 2821 756 100 1426 2073 3726 2978 3940 1313 7593
19 3709 5886 4195 5066 5925 3167 5311 1585 4813 5804 4328 2047 5858 5933 7169 149 2104 5275 6546
16 5014 6416 2535 6000 3513 3254 3545 4547 7620 4902 3822 4269 3498 1449 3970 8194
25 820 8184 336 968 3411 610 6097 4856 4293 1091 3132 2348 6146 5103 2827 4620 3426 3219 44 7457 1361 451 3540 4539 4901
19 4078 2146 1040 5914 2971 4393 1882 5293 3487 6354 7118 1664 1456 6827 5099 2405 196 5948 2406
20 1826 2954 3396 4628 6162 6329 3637 5579 5606 2278 64 4086 4778 1008 3689 1497 2751 951 224 8909
23 327 5147 3027 3442 5307 4950 5512 5900 452 3392 5291 7056 2372 3499 5957 438 458 7480 4608 717 3092 977 7264
20 3766 6770 5826 4718 5867 4472 2679 5508 5533 6129 7860 4317 2727 1652 6019 5764 2779 3779 6673 470
15 78 1139 1515 3429 2055 4519 5438 6591 6119 4261 3053 7048 3734 7608 6835
21 6950 405 676 6304 6057 1602 6296 54 2502 922 2671 984 5956 3253 6095 1372 4571 6901 1607 503 7649
18 4141 3782 3367 3836 2258 3300 4101 5691 895 2006 1216 4024 1018 2962 6153 5317 3334 9163
22 3123 4994 4099 3524 2747 4358 5253 4457 1207 4844 5998 965 3073 5880 7189 2592 5087 1979 7197 2953 3226 6737
19 6975 90 170 171 4278 1904 3069 4124 1630 1223 2125 1117 905 5799 104 2160 1404 1540 3555
21 654 4060 34 4777 6566 466 1256 5395 5905 6182 6530 1013 7079 3263 5004 6592 1718 2345 2031 2213 7917
19 4974 3383 1442 164 1532 2610 805 5716 5095 3939 4118 4498 2515 329 6070 7967 6709 439 1508
23 9925 5645 1468 5345 4084 682 4487 4025 5659 7091 140 1721 5015 1451 3463 2663 4133 3699 3239 6181 2487 2901 2103
19 7674 487 3 294 5796 3745 1242 5189 5420 3390 5270 4610 985 3600 6316 2709 390 1503 3021
21 4523 2652 4803 6234 627 3122 4831 1395 527 1262 4177 4434 6039 6394 3115 5753 2553 6797 7107 1350 1298
22 3387 1492 4650 952 1659 3001 6286 2175 5425 4284 2973 5075 5652 5340 2602 4308 114 2926 2008 6722 1367 5638
22 2417 4944 2815 589 1547 4880 1680 4294 1461 2287 6223 1611 6020 4198 3673 5981 4039 640 6745 6305 4866 4418
20 7584 2414 4170 7191 5759 3715 6764 4431 924 7696 4109 5389 4333 3823 2729 5402 6435 3829 3634 7364
20 5777 2570 5298 5022 5433 5403 4921 5417 5132 99 1832 6953 5463 5444 1332 3712 4698 5374 966 7756
19 1641 1893 4568 2263 1390 2536 2194 991 1085 157 1088 5205 4939 2438 4342 1995 3727 2093 2942
19 1048 5555 3744 1133 4478 4630 2078 2474 4667 1029 5786 1840 3376 6689 148 4075 6921 5432 7908
22 9189 3756 2890 2933 1241 2138 7065 4575 1980 5382 123 2979 2226 3790 1355 3593 783 5158 2866 6311 1369 6596
18 3353 1556 26 4386 2770 5053 3379 1172 239 7157 4226 481 4987 3397 1375 3663 6598 5517
22 6423 6488 4415 5020 3091 0 4201 6648 5108 2204 6624 2581 2695 3113 1732 5750 4073 4912 195 7521 2386 4275
22 1813 314 1051 4252 3573 2738 4289 3797 3434 2685 1621 475 6104 976 2974 155 622 3022 3948 3710 1801 3808
17 3423 5336 736 2346 964 2722 332 2887 1498 7058 4727 5098 3466 2081 29 3946 4556
23 2038 6845 191 850 3266 343 4137 1226 2647 4952 1870 4213 1469 4191 2690 3773 1334 1617 6801 262 4674 6969 2611
20 602 4634 450 5815 4529 1243 3835 2092 6024 1409 1567 649 495 5788 18 2398 3547 637 1235 6065
18 6808 816 3260 1863 5460 81 219 609 382 4488 4496 3737 3178 2784 426 2380 7978 4964
20 175 3076 6879 4802 2633 2768 1198 1944 431 5397 67 1261 1606 7476 1478 1374 6248 6013 3355 3857
19 7995 3856 4622 606 4089 2960 3166 1861 7267 3753 2889 1973 2700 6116 7601 41 3072 1791 7456
20 701 6493 1521 2064 4691 4440 7150 213 3213 4557 7141 1476 4563 5437 2626 7396 2501 4590 2431 1766
17 4764 5564 2916 703 3741 3865 5514 5701 918 2615 3853 1945 6840 1479 2257 6633 7555
20 3875 8267 2459 6554 3326 190 363 5530 2859 6192 1137 418 2133 5697 579 6981 5728 6929 2273 2661
22 1572 5325 5557 7253 6779 5170 4864 7009 1102 5727 5447 6315 2898 4445 4427 1500 1108 4905 6828 480 5851 969
18 9601 2228 653 530 5496 1309 310 1249 815 2224 588 599 1729 2545 4584 5609 518 1868
21 9282 5608 1407 2506 7087 4566 4241 3298 3314 5200 6406 3609 2888 4310 1578 1696 699 6339 4271 3796 4235
20 4119 5934 2186 3610 425 6331 360 1182 5073 981 6850 5272 1164 3861 3483 2437 2248 7508 6074 531
25 934 4397 5241 3764 289 5351 2232 1219 2646 2188 387 6809 6483 7310 5385 4842 1273 5623 2317 11 3752 6052 6776 4345 711
18 7782 1205 5333 1715 515 4015 1127 4520 5219 2251 1673 2910 1101 5363 6751 696 7907 694
25 1965 2583 2145 593 2295 2918 883 5407 4898 6224 7005 7075 2872 4051 4865 5841 6232 5807 3658 5558 2294 1279 6308 5774 7162
18 2851 2163 994 1036 7042 2912 5353 1299 1427 1023 914 6802 3615 151 7490 1634 5491 5953
23 9111 94 2090 7031 5740 3919 6912 1218 6318 3846 3543 6457 7018 5746 2806 6120 4618 728 2588 3084 3237 2306 3285
15 2805 4662 4917 6731 91 1360 4914 4862 211 4806 712 3163 3354 2481 6537
20 526 474 1196 5855 3703 2782 1440 2542 1215 3382 938 2975 3031 3964 2002 6733 3135 5386 1928 4364
21 6042 9211 2785 3867 1220 6125 6280 3648 4579 2606 7237 367 4525 2379 2208 5449 2491 5459 990 3062 5033
21 5046 726 910 3373 1917 2511 4140 5890 1321 7919 3514 7363 5487 657 2669 3527 6704 3328 145 2157 7936
13 13 3482 1505 6411 4017 5592 2404 700 4202 748 7687 5950 4300
18 8551 862 6474 2358 1340 1730 5490 3548 5854 4312 3325 5927 2665 5364 6489 2812 1015 5591
20 152 5324 1818 4739 1138 841 5568 5874 5962 131 3319 3852 3714 3497 3294 5785 932 4490 282 3876
20 9155 2005 1152 4069 141 3925 1723 2033 758 884 7129 1180 2117 5657 6717 1937 2848 5845 2957 6207
22 9049 3505 3682 3009 6410 4486 380 4396 1694 3020 3456 2984 6175 5790 2407 3789 5922 3995 809 3197 7174 362
20 962 1660 4068 5387 1597 3722 6727 230 3565 6310 6176 1879 5820 471 5458 757 4651 3800 1345 5690
17 5062 6001 1140 3331 7375 3647 4988 5847 406 6462 645 5399 3597 7717 1655 3038 7652
20 8097 275 5973 4909 2221 6519 5510 4544 5352 4218 1122 193 4648 646 1563 2543 2824 6761 2189 1268
16 3155 6557 3640 229 6580 1344 373 3563 600 6438 4451 6196 1978 1705 5779 4678
19 1587 1925 2330 3698 4560 791 4545 5704 584 7701 6492 2839 3539 5190 2884 6577 5430 4683 2786
21 6424 5383 256 3350 4867 941 4444 3407 2897 6484 6338 4106 1623 5636 3217 5025 1586 4790 2261 7008 6061
22 1386 3361 281 402 800 5142 2735 3431 4212 109 7623 6170 461 1955 1155 6771 2964 7281 1939 6637 4956 3517
19 1753 2042 2430 208 3804 2242 106 409 4204 6707 2416 7532 2949 355 4846 542 1834 491 5666
22 4322 1271 446 780 3858 2142 3388 5068 161 3771 1963 6846 6611 4357 272 201 6081 2905 3838 3045 6564 1185
22 5057 2365 4607 2057 5556 5570 5700 4040 5793 4823 3095 2739 1918 335 325 500 5047 1513 6799 4416 6920 6755
18 4071 288 675 1121 5791 5689 3108 2653 4453 772 3976 3564 2421 186 7754 1762 2969 98
19 8315 7115 3405 2840 7359 2477 5355 2654 5601 1436 3368 4492 5672 2676 3270 4210 3369 769 5789
18 1769 280 3772 4006 5696 541 4559 4262 1371 3199 4011 1221 536 7103 1510 1633 6141 6513
19 558 5967 3410 3205 4785 1128 4779 2527 5001 2229 179 1284 4859 823 2721 3607 6094 6149 7460
21 2182 4458 130 5542 1485 2552 3825 2355 7247 3096 1886 5246 535 3365 6031 6501 3208 6002 127 7422 9860
20 6669 3763 605 1677 5850 1098 1104 7082 6367 4343 2869 5573 5929 3624 735 2046 251 5032 3381 1637
20 7828 2550 4066 1816 3659 2755 1487 7513 2009 6456 228 683 633 5640 2035 4849 3577 6713 47 6974
21 138 1983 5632 2801 468 1647 3435 1144 3065 5048 30 5577 4240 812 5060 488 5888 2302 6833 7362 6405
17 6603 1417 6868 6221 1688 4591 4743 1063 3068 4649 3793 1669 4733 2976 2911 7839 4361
22 2993 4433 3501 5895 3267 6309 2728 3500 6711 2705 2314 1494 361 463 3509 3864 3947 4108 4936 1916 6806 9018
18 660 4701 1100 1124 5058 5547 2184 3063 3401 3672 1057 2945 3824 7143 6383 6465 3120 6202
21 2452 4754 2604 7329 684 5312 3215 5070 1754 6114 3003 533 604 6967 279 725 2363 2340 5660 4913 3901
21 9215 688 5532 3618 1758 1430 6036 3780 1620 4990 2825 3926 3897 5627 3935 5180 3988 677 4592 7294 4978
17 6392 5206 2906 1985 3118 5228 6409 4732 6813 3464 2432 6400 7041 1331 6619 4872 5361
19 9988 1976 3259 7016 4828 5384 7284 1988 3131 4215 6226 4538 1941 608 5735 3713 882 7004 2528
25 3256 3492 4878 5475 6655 931 3332 5446 1541 6312 4163 2857 4919 1885 4814 1087 1356 6602 3112 1947 3993 6404 1001 7165 3810
19 5919 1788 553 5247 3954 4309 4298 4745 2525 560 116 2428 7276 3418 6443 6080 5633 7537 5987
24 7822 4751 4067 1257 5224 6676 2832 110 2763 7039 7432 5198 1662 278 3370 2327 762 5038 4853 3029 1877 5907 1150 2783
16 7937 6402 7022 2403 4929 1708 1920 3695 7312 7171 5594 847 2199 826 4222 953
21 9435 5966 5553 1049 1076 2710 7110 2289 4401 4092 5600 3377 4555 5186 3372 1949 296 3930 415 287 6810
20 4960 7006 1520 3036 5682 150 313 4782 4402 3054 2387 1376 4781 4449 6077 6838 5526 7123 5365 3143
22 1577 6664 1178 93 3556 2310 3234 5064 6085 133 5808 4740 1720 1480 5164 142 6858 3510 1765 378 7066 8964
23 9714 6497 5846 3268 3557 4639 2136 2071 3490 403 3974 2617 669 4321 6417 4786 4554 1078 2383 1815 5805 5050 75
20 445 5771 1779 5313 6099 4589 5838 4062 1168 2325 4090 1391 1246 2997 3000 1455 4176 121 3472 411
24 7633 7030 2205 4227 971 4394 1167 2538 1423 1493 3778 1401 6072 830 5692 3244 2172 5155 692 7386 3168 3840 6650 2791
17 7148 5156 4697 6922 2591 1895 465 6098 3220 4280 1169 7425 7224 3438 3687 1211 2016
18 3145 3704 4481 3903 4677 6205 1767 1419 4281 1163 6585 7072 3576 6526 5872 4961 1136 3570
23 6197 3643 4436 1604 185 4205 4432 4647 3631 5441 4578 6075 1195 1903 761 7 1297 3214 6532 3308 1672 1484 5208
22 2672 2795 4808 1700 3733 1760 4550 5603 2790 2730 1457 4033 505 3718 3749 632 4381 321 5257 5562 3071 519
23 8849 159 6046 1300 365 1194 1435 1557 2116 2076 7554 628 5972 2206 1161 7285 935 3572 7332 5685 4714 277 5065
23 4804 2864 4773 2244 3844 1740 5637 2097 3191 5894 1308 1488 3638 1582 6243 206 5140 5575 5344 7214 4526 1773 5885
17 207 2442 1422 6822 7117 715 259 1905 6106 348 4206 7255 808 3493 4735 6524 4962
20 5465 5213 6864 3238 4903 662 5176 4641 3506 4582 5118 1103 3137 716 3007 3017 5814 3447 344 1428
18 4616 2140 4933 1441 174 1799 1176 4045 5426 3594 4982 6913 5232 2505 396 368 1106 7577
21 2636 2152 6117 2395 1996 2835 2122 5000 7346 5006 7044 6009 5331 2192 5094 3739 6467 5615 3451 7435 1665
18 8995 5377 7060 5499 7572 5878 1849 1320 6941 5122 6432 2312 2650 1274 3023 6499 3758 7747
22 9340 1752 2 4053 6826 2303 4272 1935 6115 2944 713 733 4604 3307 7619 399 5261 4840 2041 4963 3006 9154
19 9742 3775 3911 3987 3612 5896 4874 2867 6954 3944 264 5827 6140 162 2856 1396 3161 2565 8670
18 8407 6765 3272 4521 3176 6138 5451 6253 3441 3437 6930 1225 807 315 2703 2357 2467 7492
19 4077 1956 5310 5968 3242 3402 2124 6429 4288 6079 3754 1252 4245 298 3841 6251 427 4197 6371
20 9872 6152 3049 3934 987 6773 2354 4633 4258 1763 3666 2605 1208 3133 4848 4531 166 6264 6656 1363
21 1109 1670 5127 3582 2352 311 6523 5119 5036 3670 2826 4602 5409 5187 1654 260 118 7252 7895 3173 6830
15 3877 2693 879 7406 437 833 1709 1972 3983 1977 5625 1731 1393 1967 6173
23 1938 5472 7351 6211 5323 5596 4413 4130 7076 3356 1553 1726 6991 1950 4706 3916 3617 5089 4999 6534 2902 7817 1154
18 8090 2496 3385 432 3186 4621 3192 2373 3646 95 903 4752 5288 3768 3352 2819 7050 3504
17 3815 4660 3417 2280 3228 2675 4776 5081 2299 2022 4491 1324 614 5864 937 2585 7260
19 5370 3598 5226 2218 1689 2558 5169 3174 3269 5519 6594 4470 4143 4102 4173 3478 6360 5021 4789
21 2378 1330 3932 3716 4076 87 3785 4774 5828 1126 673 4623 4653 658 3966 2089 6281 7602 103 4097 6787
18 4852 5097 2469 2166 1093 1414 2337 5192 2977 568 1471 2861 6194 2503 1930 2915 1559 7341
16 8546 3051 2126 6859 5457 3304 7032 3568 5248 4704 72 6662 3909 501 5489 5551
19 5354 4957 421 4817 1542 3103 3243 1032 5840 3175 7069 3732 5626 1529 79 3979 7478 849 9577
14 3265 6980 817 5654 6427 3802 203 2370 4851 6134 2484 5995 6011 5970
19 5955 5503 3560 4975 2574 5439 1020 911 954 5268 5590 2087 2127 765 1443 5342 6222 1022 3826
25 9328 6931 4318 4151 2343 397 3984 5146 972 5327 858 5664 2967 86 3650 1584 7023 1200 1827 5571 2618 6506 1464 5042 202
21 8644 3169 3126 6658 3644 3532 59 5282 4081 2082 1819 1876 4738 4475 6604 2102 5039 4510 4337 3957 5410
20 1472 3119 4214 1217 5396 4247 790 2935 3705 5909 3271 4244 2492 1251 1183 5812 6203 24 5836 6804
23 3562 6640 896 4976 6112 3037 1370 3989 7336 7308 1145 3495 2283 887 842 2164 3445 366 4296 1347 3041 5092 5681
20 4473 3656 874 5910 5714 7598 4064 4565 6025 3806 2708 4164 2453 5283 4675 1031 2285 4884 6327 4058
23 3611 3460 6482 1554 2144 2519 3033 3151 3086 1548 2262 2534 1771 1171 3067 3891 6527 3485 2240 942 3457 2493 6511
22 8724 1539 457 3283 5883 4231 7347 5159 1301 83 2818 1744 5504 4421 2309 6127 3012 1381 6139 5173 547 6014
17 9284 2335 2051 5724 7381 2158 5976 3508 5114 4070 1291 3736 1922 4485 5996 6012 4188
16 3363 1359 5997 2212 888 4687 3879 539 2225 2753 2972 2362 3002 1958 573 7153
17 570 5245 1600 2644 3830 4083 2176 2802 6684 6743 2292 165 5172 2427 5196 3008 6279
18 671 1896 7173 4248 1165 743 6590 5766 7290 2798 3255 4772 6101 3996 6053 2938 6823 1990
24 9321 8561 3832 6597 1926 2236 4096 5857 3348 1519 1166 4761 4230 3677 3820 2319 5194 6831 4462 485 5725 12 1739 5823
23 4661 436 4091 2640 1025 2468 996 5074 1233 2539 2743 4199 6450 1536 6466 6725 342 5494 1112 2885 3962 5877 2681
18 4760 6687 1429 5478 2774 5687 6460 947 2245 6760 5431 2277 6126 2376 181 4897 4063 5486
20 8057 3860 667 5171 6535 5222 3286 223 567 6388 7271 6387 1043 433 2159 1153 652 2904 4965 7134
22 5500 1842 2769 3907 6369 793 1405 7025 6502 369 6968 1591 5011 3374 1685 2927 3717 806 3719 950 4635 7272
22 8709 1831 1909 2003 4567 33 1420 1310 1011 4374 2397 6018 664 2315 803 801 3282 3413 2250 7094 6732 7775
18 5552 5535 1192 6150 4093 3479 2601 597 6989 125 2893 3512 4389 2449 4255 1237 3106 3818
22 4753 5069 5965 5229 1998 1326 3507 6414 3250 1511 6621 5810 7578 5139 4863 4744 4403 5719 6076 2123 6157 511
23 9594 6610 2777 2293 3851 4788 1888 5821 6690 2522 798 4603 5346 5958 2321 3245 1605 1912 732 5926 3467 2556 7215
26 7662 5077 3149 5181 6073 132 7299 2541 5301 6037 4497 6672 3127 7682 2568 4847 3088 6685 1090 1534 4463 5408 218 516 6960 6632
25 8595 23 2557 1410 5207 5251 6815 4758 5861 4334 115 7099 5546 6617 4763 6788 1463 5518 6541 7902 2393 7618 2999 7470 6246
21 1187 5467 906 5086 5860 4672 1725 5071 872 5913 189 57 4955 478 742 6131 2115 7604 5548 6955 7911
20 8453 3632 4543 502 304 4627 1657 550 391 1389 2004 4723 4438 4894 4537 4326 253 6821 5635 6090
21 3968 2940 4 1562 3777 1431 2760 4136 1650 3321 917 5505 5614 6083 867 3725 2619 2991 7518 3345 2719
22 9488 612 3575 4181 3040 22 3912 2183 5834 1314 5695 3814 1156 2361 5663 5710 2336 2269 6068 2059 6142 124
17 4398 2418 4250 4553 184 5440 7122 5292 1701 254 1537 912 672 3165 2282 1518 2895
23 2191 4122 1037 3322 291 5416 4942 2562 3229 6434 237 3692 2043 4085 3880 1743 3052 5143 4000 3098 6783 4256 4131
16 1466 1595 2323 2687 739 2946 6187 3034 381 3338 5358 7583 4619 2516 5897 7502
19 9561 2965 6485 6267 6666 1002 3635 6082 178 3152 4125 226 5979 6259 2190 695 6325 3159 4915
19 2823 1060 6871 5940 6746 6341 2908 927 1797 4423 4157 6905 6734 317 1869 442 4841 4548 341
24 9440 1835 3811 2914 6452 2027 5969 1693 5951 2276 3807 2800 6398 3896 6545 3799 507 2899 524 4508 5184 4352 5240 6479
24 7613 3172 5520 2024 5435 5376 2233 2230 1589 4925 559 5539 354 97 3843 885 963 7220 3936 2088 2119 6189 6647 2288
17 8698 3681 4144 5010 3553 2495 781 3061 66 6199 2816 543 7019 6136 1263 788 4708
20 8579 3302 5751 4926 6616 3654 5314 741 1034 844 1495 2270 3261 4725 1755 6548 25 638 4685 7348
18 3075 2715 5423 813 3669 1433 3515 3011 6601 6100 4232 2200 3142 6886 113 5294 7322 2217
18 8607 5613 3696 1854 5084 5277 4792 3817 2235 4669 3549 776 4324 5873 3559 7125 5849 6625
26 724 4671 1751 5942 3064 3323 908 1804 3558 4004 4736 886 6586 5428 3888 982 297 538 6678 46 5321 6047 6066 5582 3868 6088
21 4107 1038 3950 2841 6437 2937 6572 2651 7275 2720 1489 3700 5479 6958 4899 1658 607 889 5736 2668 9556
21 7901 5944 1590 3462 5244 6817 4341 3892 258 4825 3094 4829 4424 4129 5242 5616 293 5305 1629 2968 2952
21 377 4303 3339 3306 1961 3541 901 4728 4992 6282 4027 4187 1159 5319 7933 4360 621 5256 4540 2267 7540
23 2381 3235 1278 220 1222 1810 1083 6651 4696 6951 6291 2060 1616 5236 2473 454 4208 7659 1316 3289 2400 1184 5178
17 3198 540 338 3297 2243 2913 3923 7102 2447 6712 6964 4209 7445 7956 2533 6495 3279
21 9764 182 6231 6686 6436 6574 5811 6763 729 1173 1351 7133 3077 3787 1362 1966 5337 940 5372 6663 2980
20 3288 3534 3164 3887 3105 5405 4583 2165 4637 6539 3359 2723 6949 5722 6659 737 1981 3202 6133 1648
17 5801 188 4769 2048 1229 5757 51 4019 6915 169 613 5617 176 3676 818 5481 3386
22 6257 1437 6959 1860 6889 5051 4887 3114 1839 4885 4292 292 1294 4072 4656 875 5338 2575 3424 517 3760 845
22 929 4447 49 5545 4018 4302 3299 194 2986 1524 2923 4376 2686 1636 2714 5631 1775 3561 3586 4061 616 2249
22 3240 4246 7014 3380 1236 173 3195 1064 5133 3546 6145 337 1887 2425 424 5563 4013 5016 634 6503 5712 4625
19 7205 3937 128 2036 2771 2947 5281 2877 7300 7077 2549 6924 6512 4686 2356 4319 4702 6442 1778
23 7794 6363 4408 73 1593 4251 670 6454 3415 6908 48 2256 379 834 7225 4154 2875 88 1378 4228 860 3645 419
19 7179 656 3746 3651 5012 5035 199 6213 6757 3928 4301 6536 5792 7486 1682 2712 1295 1327 6179
